"Bandamanna"	"Bárðar"	"Bjarnar"	"Brennu-Njáls"	"Droplaugarsona"	"Egla"	"Eiríks"	"Eyrbyggja"	"Finnboga"	"Fljótsdæla"	"Flóamanna"	"Fóstbræðra"	"Gísla Súrssonar L"	"Gísla Súrssonar S"	"Grænlendinga þáttur"	"Grænlendinga"	"Grettis"	"Gull-Þóris"	"Gunnars"	"Gunnlaugs"	"Hænsna-Þóris "	"Hallfreðar M"	"Hallfreðar Ó"	"Harðar og Hólmverja"	"Hávarðar"	"Heiðarvíga"	"Heimskringla"	"Hrafnkels"	"Íslendinga þættir"	"Jökuls þ"	"Kjalnesinga"	"Kormáks"	"Króka-Refs"	"Landnámabók"	"Laxdæla"	"Ljósvetninga A"	"Ljósvetninga C"	"Ölkofra"	"Reykdæla"	"Sturlunga"	"Svarfdæla"	"Þórðar hreðu"	"Þorsteins hvíta"	"Þorsteins S"	"Valla-Ljóts"	"Vatnsdæla "	"Víga-Glúms "	"Víglundar"	"Vopnfirðinga"
"Bandamanna"	0	0.997427322961229	0.907886908311169	0.925565880924466	1.14541689266405	1.06071446968576	0.991321559876588	1.06728181640754	1.0101241425988	0.916668185993787	0.91562277287144	0.981228087344372	0.940360691011534	0.775298709997095	1.02875080644599	1.19805627466211	0.957072655132297	1.16905858875114	1.16538582757376	0.959067990954858	0.947103433864381	0.957564558442554	1.06678536420146	0.967989224137563	1.00960250817148	0.973277564594075	1.0651841831329	0.905559320570295	0.744489300942951	0.927124715807449	1.10424877047468	1.0125809344998	1.02417177291707	1.14381693313249	0.984650648316551	1.00724692168863	0.767644774269936	1.17911280745478	1.42291347428929	1.04572547361462	0.884360711168789	1.03239903627073	1.04932643512642	0.943396750184708	0.840806975870023	0.883437151678165	0.841545067473196	1.1148412611649	1.0197866191984
"Bárðar"	0.997427322961229	0	0.921205050210856	0.905708765782568	1.22723788378925	0.89727342938144	0.977448357714481	0.796814554594385	0.888560731456199	0.793758769738632	1.01918669449537	0.965946349123701	0.888112872481844	0.909637961090372	1.25574612625893	1.13788653596404	0.759138544242568	0.959580339208016	1.11433909238558	1.0086817557981	0.966965347510942	0.88783661120101	0.873003956649971	0.781777513062319	1.01133006359733	0.967783322463733	0.828325751104171	0.923865198860522	0.72028507780704	1.04759130127603	0.87689485297468	1.05163643115118	0.837819135919218	0.994904098583005	0.877319679287229	1.26265704008434	0.89006253050912	1.34103418028526	1.35007637536437	0.816525262517779	0.895478491418469	0.938040185585504	1.15205928022075	0.987073426177873	1.02782589819525	0.82116866049778	0.933831065696076	0.816870109160051	1.05606393506836
"Bjarnar"	0.907886908311169	0.921205050210856	0	0.794158087346649	1.21270953763122	0.798513127443257	0.959194704196873	0.786583223957789	0.950318469084426	0.915867712556876	0.743173801192543	0.788258672434072	0.858299106798166	0.704317153930645	1.11284237727084	1.13186765591846	0.726771905616872	1.06214619738074	1.12068491569426	0.996356342222177	0.990406471912427	0.857524331442519	0.905769198785359	0.766670615264425	1.08165834507301	0.899448358861952	0.778612339867174	0.88521543535936	0.634508097572906	1.13559924317071	0.935500758968886	0.936626607475784	1.01197031135088	1.09926579588065	0.735994559164556	1.10401258340912	0.710452793390544	1.25075346860689	1.16655399984272	0.734195189104622	0.866722403666015	0.909515731509448	1.14633891664049	1.01967687679052	0.983503564273575	0.711565881952259	0.821013970402042	1.04757214021709	1.01355864357418
"Brennu-Njáls"	0.925565880924466	0.905708765782568	0.794158087346649	0	1.08030003406198	0.781705736414037	0.989563054296694	0.701555447410681	0.718754845021905	0.746317062380796	0.848217809925199	0.752188526595893	0.760521177730079	0.71961490849439	1.14706701454099	1.12555703534433	0.622165305785043	0.948850840002333	0.93988453441389	0.96272614451134	0.948796352666796	0.822475842621961	0.774762029503708	0.725783408683076	0.938683607801177	0.859711266687578	0.748276671729639	0.883791074147749	0.560892929163861	1.10359695347643	0.878249125507463	0.819638541868244	0.846991695718503	0.982376655857879	0.697502190247591	1.02471429875141	0.6586677599506	1.27506773486519	1.19260541081057	0.621355140049222	0.811476953354356	0.750730901633409	1.21979321350687	1.05038671263744	0.884948208883377	0.680876410798909	0.748687120245736	0.948142187388156	1.05262134383547
"Droplaugarsona"	1.14541689266405	1.22723788378925	1.21270953763122	1.08030003406198	0	1.26307753712149	1.17573666037459	1.1971164873736	1.12216081625367	1.14141304007929	1.09001793936889	1.17949213120573	1.18774535798841	1.09882944554755	1.20741148676797	1.15029701912734	1.15753976077259	1.13550844921103	1.2137785759349	1.21489880731614	1.19848797203318	1.04783479906422	1.26019681731987	1.14690626235828	1.16686652073121	1.1384034872608	1.24222990281111	1.17294910567645	1.06851984183055	1.24780435398938	1.32531740515531	1.0101798603858	1.20747602721918	1.18276862531897	1.12312977114971	1.33348471150229	1.0632011113951	1.44911705283879	1.43381857376126	1.11984206627526	1.17802684604949	1.15005911427878	1.27179841852006	1.14156586569828	1.07971154538594	1.0738127011667	1.16623717159865	1.24147895432019	1.29536832941199
"Egla"	1.06071446968576	0.89727342938144	0.798513127443257	0.781705736414037	1.26307753712149	0	1.04592974962918	0.673767469090803	0.953344983992998	0.820460540739667	0.92751923890823	0.825641759346672	0.86618795337248	0.916721320952086	1.3002906044368	1.18513661550491	0.669190349033258	0.95061336540724	1.05043592594095	1.14948713263484	1.07935680884059	0.959143752376323	0.872291596703955	0.868010918972046	1.0376672151185	1.05578942690653	0.496957460277949	1.02658793610856	0.622871223514019	1.1969028103812	1.00610286139224	1.04947558441777	1.01688760636768	1.06830800756866	0.779664095231761	1.30927331973503	0.8310113339035	1.36105445443913	1.19032933797517	0.593207826695092	0.923969913139823	1.06036295254581	1.27248834568583	1.07786667816009	1.13600331489535	0.854956506297596	0.774397549946615	0.961447816677277	1.11105238581935
"Eiríks"	0.991321559876588	0.977448357714481	0.959194704196873	0.989563054296694	1.17573666037459	1.04592974962918	0	0.977018744801914	1.10190792490034	0.99170234892623	0.936310142178846	0.993893279998296	1.03627904571943	0.969218212589894	1.10067394143407	1.07107597316746	0.957850739516329	1.11638231189362	1.186252406617	0.97310013550828	1.02044530911626	0.954153741385606	1.12218201741166	0.932534312451013	1.14875324791098	1.02651708862377	1.00160731261325	1.00116106840928	0.91397475174857	1.00344835003009	1.00764074682547	0.859387676576354	1.0824797607496	0.987059117856032	0.929647378412007	1.20600234816354	0.947125037129739	1.26793904282454	1.33373520653336	0.899124031377366	0.988736924938747	1.01915493319558	1.28159653630051	1.06093556028012	1.0377440998246	0.950853746872548	1.03213284393326	1.05092644196862	1.11212996819374
"Eyrbyggja"	1.06728181640754	0.796814554594385	0.786583223957789	0.701555447410681	1.1971164873736	0.673767469090803	0.977018744801914	0	0.812407544691605	0.862976677370923	0.886970621543558	0.817219560765079	0.850353558784933	0.856935434326662	1.2925845939908	1.17546162759003	0.571427051948654	0.83587925400048	1.02753776592982	1.04366596805127	0.96861162814869	0.853323910204516	0.851516564833187	0.758587581111049	0.961898036118741	0.924251684193987	0.70932051875748	0.997505453453567	0.627626902631902	1.13711890406239	0.84384488153863	0.896188354492635	0.847825241056362	0.98446967856528	0.709772205114448	1.23392607079571	0.809773922966983	1.39201526401728	1.23164837148368	0.534672737770904	0.878626887930038	0.873598581991534	1.28082083220032	1.09650628093859	1.00499709062012	0.828303685012544	0.761050196956976	0.877556401939274	1.0899299311713
"Finnboga"	1.0101241425988	0.888560731456199	0.950318469084426	0.718754845021905	1.12216081625367	0.953344983992998	1.10190792490034	0.812407544691605	0	0.782885802650278	0.893060195186623	0.85095751551293	0.948434181285811	0.816140744913997	1.29148100529467	1.15683720880461	0.779619797465351	0.987747877021447	0.989473650609953	1.05010473506607	0.980519392203637	0.878152582179616	0.944425787241243	0.756523570801799	0.798196767474539	1.02629803840625	0.907038293371321	0.931695728378438	0.696672314426093	1.21734381889131	0.973357567983348	0.954578201423266	0.907833181015324	1.05770396437742	0.788087268525587	1.22104864780134	0.852161264846275	1.35233290153815	1.12362324550913	0.800796003463455	0.929936982846667	0.87434158882957	1.27357733630106	1.10584412378395	1.0653817087825	0.769421704127876	0.80770172033918	0.919001505674514	1.23026868772557
"Fljótsdæla"	0.916668185993787	0.793758769738632	0.915867712556876	0.746317062380796	1.14141304007929	0.820460540739667	0.99170234892623	0.862976677370923	0.782885802650278	0	0.850774110107393	0.766993990801574	0.799022462348755	0.709731630660219	1.22117362369964	1.22348464446984	0.7162313454168	1.08747671855544	1.07205009309671	1.08273591279214	0.85680147011133	0.954848438611058	0.950414791399356	0.729245678253445	0.915187606650742	0.900177125075575	0.876155380808364	0.706858873135858	0.621738992286025	1.14525211401884	0.91923244749169	0.964727271742935	0.877859076846998	1.02586711989168	0.702413362650072	1.2032926300338	0.74781025742515	1.22628938995989	1.23598341686971	0.824414995609935	0.877057220399265	0.897024990013669	1.26722572689883	1.00295645237933	0.96492017567246	0.69434847654059	0.760140264292928	0.945349331672105	1.16311618423343
"Flóamanna"	0.91562277287144	1.01918669449537	0.743173801192543	0.848217809925199	1.09001793936889	0.92751923890823	0.936310142178846	0.886970621543558	0.893060195186623	0.850774110107393	0	0.906264270137825	0.870366837785692	0.787157942413164	1.17163629311939	1.21774084175397	0.827407845398829	1.04213610193213	1.13881975206499	0.992955752272313	0.935582003065321	0.842384676881702	1.03309914884049	0.766828042048813	1.06086423423241	0.856022069543436	0.932095377545273	0.915490894066064	0.723011085278575	1.1027580145256	1.06830159790072	0.894167288754512	1.11331924946018	1.06152655107186	0.802506011883775	1.09232990043354	0.765272879840839	1.38038451238998	1.10495415694747	0.782934807276729	0.854854703066514	0.897683418242222	1.17996551239004	0.91489002299501	0.993746909587267	0.771725187424868	0.831017709656573	1.06715980353404	1.05065456041243
"Fóstbræðra"	0.981228087344372	0.965946349123701	0.788258672434072	0.752188526595893	1.17949213120573	0.825641759346672	0.993893279998296	0.817219560765079	0.85095751551293	0.766993990801574	0.906264270137825	0	0.858992368239108	0.770748353796088	1.27584067565909	1.14124168283558	0.657846872469135	1.05654611573097	1.12120517327084	1.03416817066821	0.995230830475566	0.882321060389597	0.911411970720337	0.784451748657524	0.999190236119137	0.920355715304861	0.81090714648955	0.892336567360269	0.58263267440664	1.1808009891166	0.940222992987749	0.981028843742844	0.97329836292842	1.07587790395161	0.694770036260801	1.158647148966	0.667716184872945	1.33446885466991	1.21035259142094	0.806691691003969	0.882586714799478	0.88587280967179	1.28538003919352	1.07761632327946	0.9674095590283	0.740711031107732	0.929595455095614	1.04022619599951	1.10082034115154
"Gísla Súrssonar L"	0.940360691011534	0.888112872481844	0.858299106798166	0.760521177730079	1.18774535798841	0.86618795337248	1.03627904571943	0.850353558784933	0.948434181285811	0.799022462348755	0.870366837785692	0.858992368239108	0	0.658102655044449	1.20382720686587	1.12613450456013	0.818071640651037	1.06916806740004	1.08610052748126	0.924342859884657	0.978395167739473	0.955175719421647	0.949463660315648	0.876321479647696	1.01822874218004	0.791856765134236	0.82715030367042	1.05044857213676	0.626331862199212	1.05771082741649	0.961693810989563	1.03381415549138	0.907953511424135	1.12378560079316	0.745605664451198	1.11671611835039	0.738883096030785	1.31208152887974	1.14152751489044	0.811125715385446	0.902166516667417	0.957545809112711	1.22428715350716	1.01488731930768	0.881421718520438	0.810930404622295	0.831892528149898	1.02875385633612	1.06238102522263
"Gísla Súrssonar S"	0.775298709997095	0.909637961090372	0.704317153930645	0.71961490849439	1.09882944554755	0.916721320952086	0.969218212589894	0.856935434326662	0.816140744913997	0.709731630660219	0.787157942413164	0.770748353796088	0.658102655044449	0	1.03690699270568	1.11414179955121	0.740633886070897	1.05916220046874	1.04489758800065	0.922737458067651	0.883298480307748	0.821870535913814	0.950753351470406	0.717115464623156	0.914230962118678	0.784220866428639	0.852213436415955	0.877971339107164	0.580857755451983	1.03955141282238	0.949224257790012	0.906026817437067	0.972185549592621	0.979607058951319	0.709065671912549	0.937717977242572	0.592493935912949	1.24791121339275	1.12046781116157	0.79049118519666	0.827451146064541	0.786709278631496	1.069388107939	0.991460050804627	0.873249542315063	0.61440353959803	0.76480850062769	1.02671103640024	1.00622830309336
"Grænlendinga þáttur"	1.02875080644599	1.25574612625893	1.11284237727084	1.14706701454099	1.20741148676797	1.3002906044368	1.10067394143407	1.2925845939908	1.29148100529467	1.22117362369964	1.17163629311939	1.27584067565909	1.20382720686587	1.03690699270568	0	1.29788492003797	1.27222968966251	1.45473372786499	1.2454564790317	1.08419898450611	1.16609485553425	1.04535548841478	1.30344500356598	1.14116095857707	1.31743998944079	1.09569718934125	1.28684780292779	1.2680044299532	1.16203804893476	1.10794181740593	1.25215844728484	1.10036589510124	1.26924757394191	1.21797944994541	1.15062584299081	1.20653824245289	0.966664063651833	1.23126490983417	1.557814024521	1.1620680035359	1.19235453142089	1.20571942452495	1.14318623037331	0.965486598082845	0.990057730749516	1.12171602611544	1.24871649323229	1.1981737052531	1.20464210291456
"Grænlendinga"	1.19805627466211	1.13788653596404	1.13186765591846	1.12555703534433	1.15029701912734	1.18513661550491	1.07107597316746	1.17546162759003	1.15683720880461	1.22348464446984	1.21774084175397	1.14124168283558	1.12613450456013	1.11414179955121	1.29788492003797	0	1.1666802565028	1.19258623560379	1.141269758343	1.17690201989721	1.26552268669793	1.05403279741716	1.23277228387884	1.22669704743029	1.2914157935943	1.16612290449853	1.12761812493221	1.19636785217214	1.0441151991892	1.28822529840112	1.17517570531311	1.00906833049473	1.03401806832533	1.25330513322618	1.09468735332512	1.36483787729637	1.02676947716704	1.51404647034079	1.53099276800886	1.13698947350124	1.12639968189034	1.10977074162029	1.23308162341582	1.21696741170899	1.21353875513888	1.11950626646499	1.27609021641722	1.13179320252155	1.38900379705536
"Grettis"	0.957072655132297	0.759138544242568	0.726771905616872	0.622165305785043	1.15753976077259	0.669190349033258	0.957850739516329	0.571427051948654	0.779619797465351	0.7162313454168	0.827407845398829	0.657846872469135	0.818071640651037	0.740633886070897	1.27222968966251	1.1666802565028	0	0.889631322588831	1.03506835828951	1.04674151921329	0.946740267821051	0.809725740770082	0.773561611230141	0.589113854830031	0.905707228196364	0.883840841038363	0.695923506638699	0.844966519848382	0.52104052617955	1.13423789027902	0.788466659817355	0.901751050328849	0.850670769647729	0.978887540800604	0.613136330979651	1.17096337540035	0.663877426116479	1.25008890420281	1.10836516714864	0.55342124364498	0.866686415149756	0.836690318747884	1.25401380527748	1.04188511092189	0.989206558754817	0.684144154601213	0.733842386950537	0.797244680496325	1.04759666082393
"Gull-Þóris"	1.16905858875114	0.959580339208016	1.06214619738074	0.948850840002333	1.13550844921103	0.95061336540724	1.11638231189362	0.83587925400048	0.987747877021447	1.08747671855544	1.04213610193213	1.05654611573097	1.06916806740004	1.05916220046874	1.45473372786499	1.19258623560379	0.889631322588831	0	1.0415671277968	1.18826724972439	1.15346525659877	0.952675395020472	1.04130694050539	0.980807207439875	1.17406889880473	1.04255905204678	0.947609411239653	1.07260764446093	0.904430043540638	1.09788965398232	1.05937198285177	1.02749730635483	0.957224196787421	1.13719270565529	1.0221817992137	1.36653959132566	0.9808551753564	1.46730774784938	1.32479988890577	0.838053328031887	1.09322510876602	0.963492858802427	1.36057715655484	1.09081666898523	1.06280720194789	1.04005436224719	0.99106269125322	1.0886362761898	1.20313774174856
"Gunnars"	1.16538582757376	1.11433909238558	1.12068491569426	0.93988453441389	1.2137785759349	1.05043592594095	1.186252406617	1.02753776592982	0.989473650609953	1.07205009309671	1.13881975206499	1.12120517327084	1.08610052748126	1.04489758800065	1.2454564790317	1.141269758343	1.03506835828951	1.0415671277968	0	1.17360595556424	1.16372889194872	0.916010314338988	1.04252996944833	1.04527980543287	1.1158459892375	1.11231585844606	1.11475149279332	1.1644313842585	1.00298904338317	1.09010099142805	1.02613571553841	1.09004402993062	0.986739642888481	1.21492112357595	1.10040100629095	1.23484961079505	0.940444421580439	1.32631396998654	1.43185806526627	1.04737400542988	1.00019622408686	0.892934098296576	1.17700858528195	1.05232916072	0.970113547633523	1.03206129739471	1.0536786470662	1.01434524989209	1.20413524887735
"Gunnlaugs"	0.959067990954858	1.0086817557981	0.996356342222177	0.96272614451134	1.21489880731614	1.14948713263484	0.97310013550828	1.04366596805127	1.05010473506607	1.08273591279214	0.992955752272313	1.03416817066821	0.924342859884657	0.922737458067651	1.08419898450611	1.17690201989721	1.04674151921329	1.18826724972439	1.17360595556424	0	1.09361189895554	0.820637561748893	1.14580081776731	1.04486436837546	1.10679456159067	0.903234384001042	1.14916911624507	1.05917357098935	0.884405413358672	1.07550283152092	1.07690722750684	1.02374442539751	1.05387617117827	1.14614819073648	0.998125430151691	1.08920071979948	0.893811029943796	1.39121836296066	1.40384507419741	1.01995070723247	0.944183436766382	1.03900111099294	1.26507043377862	1.04603595482857	0.944329782926471	0.980258359682992	1.02896222828426	1.12445294657021	1.13114944601763
"Hænsna-Þóris "	0.947103433864381	0.966965347510942	0.990406471912427	0.948796352666796	1.19848797203318	1.07935680884059	1.02044530911626	0.96861162814869	0.980519392203637	0.85680147011133	0.935582003065321	0.995230830475566	0.978395167739473	0.883298480307748	1.16609485553425	1.26552268669793	0.946740267821051	1.15346525659877	1.16372889194872	1.09361189895554	0	0.963511105060473	1.05375740750457	0.911160112288319	1.09117171574741	0.992114797785303	1.06014264477244	0.926838193605867	0.836151996937947	1.13109088207851	1.1003163647547	1.0724099232567	1.02748686839271	1.15188338516929	0.952583759047978	1.19092953326781	0.896622619776494	1.16420283833465	1.32895311346182	1.01749993798177	1.0627447859151	0.980122216434041	1.28685421646543	0.998041126095542	1.02946717592985	0.883028623204511	0.919784379250044	1.08660374425656	1.12070244777867
"Hallfreðar M"	0.957564558442554	0.88783661120101	0.857524331442519	0.822475842621961	1.04783479906422	0.959143752376323	0.954153741385606	0.853323910204516	0.878152582179616	0.954848438611058	0.842384676881702	0.882321060389597	0.955175719421647	0.821870535913814	1.04535548841478	1.05403279741716	0.809725740770082	0.952675395020472	0.916010314338988	0.820637561748893	0.963511105060473	0	0.91576463179415	0.850697997357822	1.02274844242372	0.970932807402667	1.00140340760653	0.99274761484532	0.780781609825242	1.00677794637569	0.960156690072589	0.902088366552744	0.911120424477964	1.04652468727257	0.906807731543014	1.02724551348911	0.726581739633224	1.26262958125828	1.26186514856833	0.876782709822598	0.87525937076604	0.840403358838343	1.04767849075843	0.926679815069097	0.854552985820389	0.765425472819713	0.885129205767235	0.939822133043688	1.12515447919062
"Hallfreðar Ó"	1.06678536420146	0.873003956649971	0.905769198785359	0.774762029503708	1.26019681731987	0.872291596703955	1.12218201741166	0.851516564833187	0.944425787241243	0.950414791399356	1.03309914884049	0.911411970720337	0.949463660315648	0.950753351470406	1.30344500356598	1.23277228387884	0.773561611230141	1.04130694050539	1.04252996944833	1.14580081776731	1.05375740750457	0.91576463179415	0	0.820875645475846	1.05943393586051	1.03989535470768	0.761074372208862	1.03777570901209	0.748940628818388	1.13272330962696	0.966058737572198	1.00472141877183	0.978560392570182	1.14308407758778	0.883848657795237	1.20391049473496	0.850961553463772	1.35214406502328	1.3529300085194	0.795723703080009	0.930529036746182	0.978141917268124	1.28560268919459	1.09364302733376	0.983819386884318	0.863614475706248	0.877968770099549	0.957993243981329	1.16111694097099
"Harðar og Hólmverja"	0.967989224137563	0.781777513062319	0.766670615264425	0.725783408683076	1.14690626235828	0.868010918972046	0.932534312451013	0.758587581111049	0.756523570801799	0.729245678253445	0.766828042048813	0.784451748657524	0.876321479647696	0.717115464623156	1.14116095857707	1.22669704743029	0.589113854830031	0.980807207439875	1.04527980543287	1.04486436837546	0.911160112288319	0.850697997357822	0.820875645475846	0	0.939462655456857	0.895459395120958	0.829052657824024	0.867937064979354	0.624450628097077	1.11682633888204	0.875429087957136	0.968280321448641	0.947417723188776	0.996968278038738	0.66298692378485	1.11231598898766	0.697206055989906	1.26372199309343	1.18193970366015	0.695305856593183	0.837999193411686	0.839973761869186	1.3112600628297	1.00913988961782	0.930928167124629	0.642240122387824	0.762242080452356	0.869678194680806	1.09363886936802
"Hávarðar"	1.00960250817148	1.01133006359733	1.08165834507301	0.938683607801177	1.16686652073121	1.0376672151185	1.14875324791098	0.961898036118741	0.798196767474539	0.915187606650742	1.06086423423241	0.999190236119137	1.01822874218004	0.914230962118678	1.31743998944079	1.2914157935943	0.905707228196364	1.17406889880473	1.1158459892375	1.10679456159067	1.09117171574741	1.02274844242372	1.05943393586051	0.939462655456857	0	1.05968697910555	1.09240797154853	1.1020482658644	0.844069020585713	1.25323322662679	1.0451696502158	1.0982654141567	1.02426839020816	1.1450045707385	0.98734837917249	1.20256106055564	0.937330902560746	1.35475203088437	1.28779610872535	1.00999902789295	1.00701003918246	0.971538110847847	1.40811694451378	1.15588755477586	1.07567779997247	0.95571079875732	0.962980072127479	1.02593103497142	1.32487542839
"Heiðarvíga"	0.973277564594075	0.967783322463733	0.899448358861952	0.859711266687578	1.1384034872608	1.05578942690653	1.02651708862377	0.924251684193987	1.02629803840625	0.900177125075575	0.856022069543436	0.920355715304861	0.791856765134236	0.784220866428639	1.09569718934125	1.16612290449853	0.883840841038363	1.04255905204678	1.11231585844606	0.903234384001042	0.992114797785303	0.970932807402667	1.03989535470768	0.895459395120958	1.05968697910555	0	0.889524427294725	0.993222024301784	0.735500046136961	1.02569700740114	0.96045024242514	0.838870784377322	0.965981021863216	1.15347096205185	0.897370493159619	1.07886835816153	0.791507693029717	1.35341451047347	1.20528646939567	0.878887391726568	0.922109954474734	0.974644625099134	1.28510166307163	0.98893262479614	0.903051037393384	0.901316777134206	0.867928734152369	1.0617486646951	1.16032821461516
"Heimskringla"	1.0651841831329	0.828325751104171	0.778612339867174	0.748276671729639	1.24222990281111	0.496957460277949	1.00160731261325	0.70932051875748	0.907038293371321	0.876155380808364	0.932095377545273	0.81090714648955	0.82715030367042	0.852213436415955	1.28684780292779	1.12761812493221	0.695923506638699	0.947609411239653	1.11475149279332	1.14916911624507	1.06014264477244	1.00140340760653	0.761074372208862	0.829052657824024	1.09240797154853	0.889524427294725	0	0.925638079744104	0.653351835567792	1.09160190720571	0.997581006926211	0.918260223795977	1.01562369879279	0.930872908065681	0.744383803327088	1.23907235097709	0.828356244427149	1.29117435962039	1.12716252118744	0.509992597637895	0.904268403155499	1.0603143686394	1.26564802311213	1.12444644820554	1.1009888293592	0.840555573787456	0.775871225914292	0.960069596986902	1.13549348978881
"Hrafnkels"	0.905559320570295	0.923865198860522	0.88521543535936	0.883791074147749	1.17294910567645	1.02658793610856	1.00116106840928	0.997505453453567	0.931695728378438	0.706858873135858	0.915490894066064	0.892336567360269	1.05044857213676	0.877971339107164	1.2680044299532	1.19636785217214	0.844966519848382	1.07260764446093	1.1644313842585	1.05917357098935	0.926838193605867	0.99274761484532	1.03777570901209	0.867937064979354	1.1020482658644	0.993222024301784	0.925638079744104	0	0.784806330051006	1.14813704405764	1.04360376862907	0.958106099510614	0.945359589259561	1.05370272607369	0.863961154791381	1.21972812912101	0.818774556087757	1.12915778095293	1.35578911123482	0.937093915378292	0.936410934554868	0.937736174391851	1.19946200842836	1.03295376279453	1.07880647586839	0.809210335004636	0.905921796559131	0.978887100175355	1.0618459702463
"Íslendinga þættir"	0.744489300942951	0.72028507780704	0.634508097572906	0.560892929163861	1.06851984183055	0.622871223514019	0.91397475174857	0.627626902631902	0.696672314426093	0.621738992286025	0.723011085278575	0.58263267440664	0.626331862199212	0.580857755451983	1.16203804893476	1.0441151991892	0.52104052617955	0.904430043540638	1.00298904338317	0.884405413358672	0.836151996937947	0.780781609825242	0.748940628818388	0.624450628097077	0.844069020585713	0.735500046136961	0.653351835567792	0.784806330051006	0	1.05289054777669	0.834079846096481	0.840499932526629	0.821234535149803	0.949115469886437	0.537719008288879	1.03855434879278	0.510960878000475	1.27672379514495	1.07213507998955	0.582896428719327	0.721617922034403	0.771775433456518	1.1480492614098	0.931090973291788	0.858770145371527	0.53864890066302	0.583651064440756	0.861296516457386	0.926796037578324
"Jökuls þ"	0.927124715807449	1.04759130127603	1.13559924317071	1.10359695347643	1.24780435398938	1.1969028103812	1.00344835003009	1.13711890406239	1.21734381889131	1.14525211401884	1.1027580145256	1.1808009891166	1.05771082741649	1.03955141282238	1.10794181740593	1.28822529840112	1.13423789027902	1.09788965398232	1.09010099142805	1.07550283152092	1.13109088207851	1.00677794637569	1.13272330962696	1.11682633888204	1.25323322662679	1.02569700740114	1.09160190720571	1.14813704405764	1.05289054777669	0	1.10889636703863	0.972679229643186	1.12104376046914	1.00574964683023	1.16668497015828	1.15096033118786	0.95915389339005	1.25429031180779	1.47402140325551	1.07788910959757	1.02625455516727	1.11450559683273	1.06902523618417	0.822514583262564	0.879897431401085	1.0480796363966	1.05677183785264	1.0449323986268	1.17961320004948
"Kjalnesinga"	1.10424877047468	0.87689485297468	0.935500758968886	0.878249125507463	1.32531740515531	1.00610286139224	1.00764074682547	0.84384488153863	0.973357567983348	0.91923244749169	1.06830159790072	0.940222992987749	0.961693810989563	0.949224257790012	1.25215844728484	1.17517570531311	0.788466659817355	1.05937198285177	1.02613571553841	1.07690722750684	1.1003163647547	0.960156690072589	0.966058737572198	0.875429087957136	1.0451696502158	0.96045024242514	0.997581006926211	1.04360376862907	0.834079846096481	1.10889636703863	0	0.974572946779789	0.775984254911755	1.11657611006019	0.914680627380427	1.11309549621481	0.863282600701404	1.33769993862096	1.41283308624659	0.886585095428557	0.974806653732966	0.875088178947197	1.17695183310148	1.05215915907508	0.887012877025167	0.918939586002362	0.948662712762071	1.01803781281901	1.21791325228426
"Kormáks"	1.0125809344998	1.05163643115118	0.936626607475784	0.819638541868244	1.0101798603858	1.04947558441777	0.859387676576354	0.896188354492635	0.954578201423266	0.964727271742935	0.894167288754512	0.981028843742844	1.03381415549138	0.906026817437067	1.10036589510124	1.00906833049473	0.901751050328849	1.02749730635483	1.09004402993062	1.02374442539751	1.0724099232567	0.902088366552744	1.00472141877183	0.968280321448641	1.0982654141567	0.838870784377322	0.918260223795977	0.958106099510614	0.840499932526629	0.972679229643186	0.974572946779789	0	1.02869722759509	0.888432365108803	0.926020091325287	1.05288521637026	0.831367198595715	1.34389404716949	1.30370663575446	0.851945235798847	0.975961893858925	1.01837961529452	1.26907141896521	0.903278879193072	0.962982509747453	0.946630580352709	0.839179121565079	1.04045299424226	1.09355152617603
"Króka-Refs"	1.02417177291707	0.837819135919218	1.01197031135088	0.846991695718503	1.20747602721918	1.01688760636768	1.0824797607496	0.847825241056362	0.907833181015324	0.877859076846998	1.11331924946018	0.97329836292842	0.907953511424135	0.972185549592621	1.26924757394191	1.03401806832533	0.850670769647729	0.957224196787421	0.986739642888481	1.05387617117827	1.02748686839271	0.911120424477964	0.978560392570182	0.947417723188776	1.02426839020816	0.965981021863216	1.01562369879279	0.945359589259561	0.821234535149803	1.12104376046914	0.775984254911755	1.02869722759509	0	1.17197356105863	0.902098025646305	1.2020214160217	0.871675578903431	1.32774776555466	1.3847460846749	0.950980368289505	0.965784130379937	0.917645995249449	1.27179748289937	1.037588171242	1.009928024932	0.911912738056011	0.96841001291082	0.924506450240318	1.13004918260545
"Landnámabók"	1.14381693313249	0.994904098583005	1.09926579588065	0.982376655857879	1.18276862531897	1.06830800756866	0.987059117856032	0.98446967856528	1.05770396437742	1.02586711989168	1.06152655107186	1.07587790395161	1.12378560079316	0.979607058951319	1.21797944994541	1.25330513322618	0.978887540800604	1.13719270565529	1.21492112357595	1.14614819073648	1.15188338516929	1.04652468727257	1.14308407758778	0.996968278038738	1.1450045707385	1.15347096205185	0.930872908065681	1.05370272607369	0.949115469886437	1.00574964683023	1.11657611006019	0.888432365108803	1.17197356105863	0	0.945978788247374	1.26160837319678	0.934114289680374	1.29500635293566	1.39274858678563	0.90867277962842	1.10227879485265	1.12153511074184	1.2001516457836	1.01286345639981	1.0713200036927	0.982580066638119	1.03664800786206	1.08943338073322	1.30984177457066
"Laxdæla"	0.984650648316551	0.877319679287229	0.735994559164556	0.697502190247591	1.12312977114971	0.779664095231761	0.929647378412007	0.709772205114448	0.788087268525587	0.702413362650072	0.802506011883775	0.694770036260801	0.745605664451198	0.709065671912549	1.15062584299081	1.09468735332512	0.613136330979651	1.0221817992137	1.10040100629095	0.998125430151691	0.952583759047978	0.906807731543014	0.883848657795237	0.66298692378485	0.98734837917249	0.897370493159619	0.744383803327088	0.863961154791381	0.537719008288879	1.16668497015828	0.914680627380427	0.926020091325287	0.902098025646305	0.945978788247374	0	1.15698373227256	0.676961964808304	1.19435692783036	1.16666892514252	0.660437909390435	0.963915597821344	0.798389277083696	1.28244054481524	1.05779306470668	0.973075839598655	0.67764483523036	0.764694054289709	0.953241642574772	1.09797170341571
"Ljósvetninga A"	1.00724692168863	1.26265704008434	1.10401258340912	1.02471429875141	1.33348471150229	1.30927331973503	1.20600234816354	1.23392607079571	1.22104864780134	1.2032926300338	1.09232990043354	1.158647148966	1.11671611835039	0.937717977242572	1.20653824245289	1.36483787729637	1.17096337540035	1.36653959132566	1.23484961079505	1.08920071979948	1.19092953326781	1.02724551348911	1.20391049473496	1.11231598898766	1.20256106055564	1.07886835816153	1.23907235097709	1.21972812912101	1.03855434879278	1.15096033118786	1.11309549621481	1.05288521637026	1.2020214160217	1.26160837319678	1.15698373227256	0	0.855562533516732	1.38584086631002	1.41543287102793	1.17685471735031	1.1972983547944	1.01967265867033	1.35195483019913	1.21550030142194	0.900979439295441	1.01746547856382	1.00686001182991	1.2788361986343	1.30326713999961
"Ljósvetninga C"	0.767644774269936	0.89006253050912	0.710452793390544	0.6586677599506	1.0632011113951	0.8310113339035	0.947125037129739	0.809773922966983	0.852161264846275	0.74781025742515	0.765272879840839	0.667716184872945	0.738883096030785	0.592493935912949	0.966664063651833	1.02676947716704	0.663877426116479	0.9808551753564	0.940444421580439	0.893811029943796	0.896622619776494	0.726581739633224	0.850961553463772	0.697206055989906	0.937330902560746	0.791507693029717	0.828356244427149	0.818774556087757	0.510960878000475	0.95915389339005	0.863282600701404	0.831367198595715	0.871675578903431	0.934114289680374	0.676961964808304	0.855562533516732	0	1.19155738875299	1.20990366392082	0.776248240739041	0.812975903257872	0.730953970504289	1.09797146663344	0.83253161143568	0.718893326824483	0.57492050621164	0.701470389308884	0.95919774436007	0.966427677009772
"Ölkofra"	1.17911280745478	1.34103418028526	1.25075346860689	1.27506773486519	1.44911705283879	1.36105445443913	1.26793904282454	1.39201526401728	1.35233290153815	1.22628938995989	1.38038451238998	1.33446885466991	1.31208152887974	1.24791121339275	1.23126490983417	1.51404647034079	1.25008890420281	1.46730774784938	1.32631396998654	1.39121836296066	1.16420283833465	1.26262958125828	1.35214406502328	1.26372199309343	1.35475203088437	1.35341451047347	1.29117435962039	1.12915778095293	1.27672379514495	1.25429031180779	1.33769993862096	1.34389404716949	1.32774776555466	1.29500635293566	1.19435692783036	1.38584086631002	1.19155738875299	0	1.64260194441146	1.33055268288205	1.39153828996164	1.27796567349962	1.34095758772607	1.20799974667257	1.30265088177827	1.16877992238605	1.30463425970879	1.29150703959746	1.43796784671923
"Reykdæla"	1.42291347428929	1.35007637536437	1.16655399984272	1.19260541081057	1.43381857376126	1.19032933797517	1.33373520653336	1.23164837148368	1.12362324550913	1.23598341686971	1.10495415694747	1.21035259142094	1.14152751489044	1.12046781116157	1.557814024521	1.53099276800886	1.10836516714864	1.32479988890577	1.43185806526627	1.40384507419741	1.32895311346182	1.26186514856833	1.3529300085194	1.18193970366015	1.28779610872535	1.20528646939567	1.12716252118744	1.35578911123482	1.07213507998955	1.47402140325551	1.41283308624659	1.30370663575446	1.3847460846749	1.39274858678563	1.16666892514252	1.41543287102793	1.20990366392082	1.64260194441146	0	1.0345338075215	1.29209982275059	1.29749278495328	1.5061496161372	1.36024276008826	1.33443873085918	1.25862976937096	1.11643332945676	1.37376382107261	1.35703323253958
"Sturlunga"	1.04572547361462	0.816525262517779	0.734195189104622	0.621355140049222	1.11984206627526	0.593207826695092	0.899124031377366	0.534672737770904	0.800796003463455	0.824414995609935	0.782934807276729	0.806691691003969	0.811125715385446	0.79049118519666	1.1620680035359	1.13698947350124	0.55342124364498	0.838053328031887	1.04737400542988	1.01995070723247	1.01749993798177	0.876782709822598	0.795723703080009	0.695305856593183	1.00999902789295	0.878887391726568	0.509992597637895	0.937093915378292	0.582896428719327	1.07788910959757	0.886585095428557	0.851945235798847	0.950980368289505	0.90867277962842	0.660437909390435	1.17685471735031	0.776248240739041	1.33055268288205	1.0345338075215	0	0.844985169157778	0.929890118851013	1.24382364465048	1.03181526149193	1.01177574737146	0.772571456232272	0.672567312132537	0.888471216990802	0.987736558735559
"Svarfdæla"	0.884360711168789	0.895478491418469	0.866722403666015	0.811476953354356	1.17802684604949	0.923969913139823	0.988736924938747	0.878626887930038	0.929936982846667	0.877057220399265	0.854854703066514	0.882586714799478	0.902166516667417	0.827451146064541	1.19235453142089	1.12639968189034	0.866686415149756	1.09322510876602	1.00019622408686	0.944183436766382	1.0627447859151	0.87525937076604	0.930529036746182	0.837999193411686	1.00701003918246	0.922109954474734	0.904268403155499	0.936410934554868	0.721617922034403	1.02625455516727	0.974806653732966	0.975961893858925	0.965784130379937	1.10227879485265	0.963915597821344	1.1972983547944	0.812975903257872	1.39153828996164	1.29209982275059	0.844985169157778	0	0.977261403696709	1.21238215971573	1.0824749774561	0.913902785370226	0.858254215059511	0.84884531749736	0.979042813265006	1.03261209836199
"Þórðar hreðu"	1.03239903627073	0.938040185585504	0.909515731509448	0.750730901633409	1.15005911427878	1.06036295254581	1.01915493319558	0.873598581991534	0.87434158882957	0.897024990013669	0.897683418242222	0.88587280967179	0.957545809112711	0.786709278631496	1.20571942452495	1.10977074162029	0.836690318747884	0.963492858802427	0.892934098296576	1.03900111099294	0.980122216434041	0.840403358838343	0.978141917268124	0.839973761869186	0.971538110847847	0.974644625099134	1.0603143686394	0.937736174391851	0.771775433456518	1.11450559683273	0.875088178947197	1.01837961529452	0.917645995249449	1.12153511074184	0.798389277083696	1.01967265867033	0.730953970504289	1.27796567349962	1.29749278495328	0.929890118851013	0.977261403696709	0	1.09813040288937	1.04109933351615	0.925859216647258	0.804397842791828	0.977315268058206	1.03692702624417	1.11769332808048
"Þorsteins hvíta"	1.04932643512642	1.15205928022075	1.14633891664049	1.21979321350687	1.27179841852006	1.27248834568583	1.28159653630051	1.28082083220032	1.27357733630106	1.26722572689883	1.17996551239004	1.28538003919352	1.22428715350716	1.069388107939	1.14318623037331	1.23308162341582	1.25401380527748	1.36057715655484	1.17700858528195	1.26507043377862	1.28685421646543	1.04767849075843	1.28560268919459	1.3112600628297	1.40811694451378	1.28510166307163	1.26564802311213	1.19946200842836	1.1480492614098	1.06902523618417	1.17695183310148	1.26907141896521	1.27179748289937	1.2001516457836	1.28244054481524	1.35195483019913	1.09797146663344	1.34095758772607	1.5061496161372	1.24382364465048	1.21238215971573	1.09813040288937	0	1.09493448276503	1.09591685096495	1.08433426464317	1.17476612899848	1.3019553002632	1.13694846781054
"Þorsteins S"	0.943396750184708	0.987073426177873	1.01967687679052	1.05038671263744	1.14156586569828	1.07786667816009	1.06093556028012	1.09650628093859	1.10584412378395	1.00295645237933	0.91489002299501	1.07761632327946	1.01488731930768	0.991460050804627	0.965486598082845	1.21696741170899	1.04188511092189	1.09081666898523	1.05232916072	1.04603595482857	0.998041126095542	0.926679815069097	1.09364302733376	1.00913988961782	1.15588755477586	0.98893262479614	1.12444644820554	1.03295376279453	0.931090973291788	0.822514583262564	1.05215915907508	0.903278879193072	1.037588171242	1.01286345639981	1.05779306470668	1.21550030142194	0.83253161143568	1.20799974667257	1.36024276008826	1.03181526149193	1.0824749774561	1.04109933351615	1.09493448276503	0	0.861157542394825	0.899725936849687	0.970246840515283	1.07313069970399	1.07815669523533
"Valla-Ljóts"	0.840806975870023	1.02782589819525	0.983503564273575	0.884948208883377	1.07971154538594	1.13600331489535	1.0377440998246	1.00499709062012	1.0653817087825	0.96492017567246	0.993746909587267	0.9674095590283	0.881421718520438	0.873249542315063	0.990057730749516	1.21353875513888	0.989206558754817	1.06280720194789	0.970113547633523	0.944329782926471	1.02946717592985	0.854552985820389	0.983819386884318	0.930928167124629	1.07567779997247	0.903051037393384	1.1009888293592	1.07880647586839	0.858770145371527	0.879897431401085	0.887012877025167	0.962982509747453	1.009928024932	1.0713200036927	0.973075839598655	0.900979439295441	0.718893326824483	1.30265088177827	1.33443873085918	1.01177574737146	0.913902785370226	0.925859216647258	1.09591685096495	0.861157542394825	0	0.857594805687424	0.885008294394166	1.12936308421935	1.15569318810206
"Vatnsdæla "	0.883437151678165	0.82116866049778	0.711565881952259	0.680876410798909	1.0738127011667	0.854956506297596	0.950853746872548	0.828303685012544	0.769421704127876	0.69434847654059	0.771725187424868	0.740711031107732	0.810930404622295	0.61440353959803	1.12171602611544	1.11950626646499	0.684144154601213	1.04005436224719	1.03206129739471	0.980258359682992	0.883028623204511	0.765425472819713	0.863614475706248	0.642240122387824	0.95571079875732	0.901316777134206	0.840555573787456	0.809210335004636	0.53864890066302	1.0480796363966	0.918939586002362	0.946630580352709	0.911912738056011	0.982580066638119	0.67764483523036	1.01746547856382	0.57492050621164	1.16877992238605	1.25862976937096	0.772571456232272	0.858254215059511	0.804397842791828	1.08433426464317	0.899725936849687	0.857594805687424	0	0.76681894950142	0.936385329594093	1.06249939704544
