"Bandamanna"	"Bárðar"	"Bjarnar"	"Brennu-Njáls"	"Droplaugarsona"	"Egla"	"Eiríks"	"Eyrbyggja"	"Finnboga"	"Fljótsdæla"	"Flóamanna"	"Fóstbræðra"	"Gísla Súrssonar L"	"Gísla Súrssonar S"	"Grænlendinga þáttur"	"Grænlendinga"	"Grettis"	"Gull-Þóris"	"Gunnars"	"Gunnlaugs"	"Hænsna-Þóris "	"Hallfreðar M"	"Hallfreðar Ó"	"Harðar og Hólmverja"	"Hávarðar"	"Heiðarvíga"	"Heimskringla"	"Hrafnkels"	"Jökuls þ"	"Kjalnesinga"	"Kormáks"	"Króka-Refs"	"Landnámabók"	"Laxdæla"	"Ljósvetninga A"	"Ljósvetninga C"	"Ölkofra"	"Reykdæla"	"Sturlunga"	"Svarfdæla"	"Þórðar hreðu"	"Þorsteins hvíta"	"Þorsteins S"	"Valla-Ljóts"	"Vatnsdæla "	"Víga-Glúms "	"Víglundar"	"Vopnfirðinga"
"Bandamanna"	0	0.974482650561477	0.867621802939732	0.914567740993188	1.14068331030392	1.05910634104042	0.950359352703003	1.06393611837952	1.0181492414927	0.890847243312696	0.88040981226192	0.924682770440853	0.916279332448952	0.753448501739961	1.01091401227231	1.22631237710358	0.943473589805237	1.10124047276669	1.14124635174372	0.917955763453018	0.92667564123351	0.925095954513352	1.0520384539908	0.966258843146553	1.00095885639851	0.935722581034848	1.04545601635306	0.881431915398549	0.886790509793913	1.06729224947751	0.998995248615462	0.997326459410786	1.11930459492819	0.961804981415994	0.995107394299692	0.747666300830269	1.16616255236787	1.37628911329813	1.01380268834242	0.872241194766597	1.0201605577118	1.0501258354503	0.902930945295114	0.808896403612433	0.852973249215816	0.806597472104204	1.11890743794138	1.01668375238323
"Bárðar"	0.974482650561477	0	0.868123393146744	0.900340015434269	1.20254800896646	0.908586269650092	0.951762244804449	0.789340728185594	0.889291433348368	0.780091810257222	0.970294149854352	0.915040055958539	0.872362039738137	0.872000322484999	1.20564292567985	1.15869614100061	0.742569914554976	0.899466131115668	1.10568603322927	0.980097952973824	0.95320707105773	0.878464592955149	0.877968727010486	0.771507771570865	1.00276303536818	0.906548182259135	0.815643274506101	0.914632234283263	1.02158372460351	0.857304514743858	1.03113372609207	0.836187034133725	0.995331337910765	0.850065703232228	1.26353715850345	0.845725989802598	1.35021381470453	1.28634644801324	0.784093809384186	0.881203669710679	0.930752259391003	1.13517630189293	0.961572711803903	0.994260747893663	0.797933661228485	0.890184690552874	0.818242635774288	1.02281187593369
"Bjarnar"	0.867621802939732	0.868123393146744	0	0.783019735053521	1.20860649138495	0.801767253692	0.942835456584	0.775845911088962	0.931615234131646	0.895387753407159	0.741023926099965	0.743908694431897	0.83768769911235	0.694691300823201	1.12069769636028	1.16514715664507	0.714691363151104	0.990729403121523	1.09530271858525	0.963149077987031	0.95655679679212	0.825831789660609	0.891165189739969	0.764033752679305	1.05419028007897	0.895460147441755	0.770731159543908	0.875801748505241	1.11772608289792	0.924432014924174	0.948251029973262	0.977948873439997	1.09535060038251	0.721399220663274	1.11546556260228	0.708178029159316	1.23642333456877	1.15407764471925	0.731341860142838	0.875746198958806	0.875566519981518	1.14185537756106	1.0030380686013	0.974651508010517	0.695646074528246	0.810237272987243	1.03225653896912	1.03635411398664
"Brennu-Njáls"	0.914567740993188	0.900340015434269	0.783019735053521	0	1.072963279619	0.806681178614896	0.9861364365266	0.707815478661439	0.692619746266268	0.737600617816563	0.811348024083137	0.743746554517297	0.777478133547275	0.707113009858828	1.12696390752528	1.13377609410048	0.611850205109538	0.89999206507011	0.91164404356484	0.973398150750818	0.939392830197848	0.816989340545054	0.790544789731243	0.726098369359172	0.923778017333064	0.841786746361525	0.755718100159745	0.875490576249866	1.09931811274814	0.873432363648301	0.81106471777901	0.828334873562437	0.998121982717853	0.699314877732259	1.04275527149755	0.657860429108374	1.29106011265188	1.15200106093811	0.614477326444357	0.800773791012332	0.736833308606105	1.20117555051168	1.04657645290032	0.877514652977546	0.674351464329702	0.746442741249101	0.921513911269212	1.02750601000967
"Droplaugarsona"	1.14068331030392	1.20254800896646	1.20860649138495	1.072963279619	0	1.30264786458003	1.14594911715548	1.17805357632288	1.10423405318409	1.11779472404081	1.05774956590165	1.17384059439746	1.19269847464686	1.08999954611773	1.17633397525789	1.14794269156095	1.14990554934463	1.14144015358607	1.19633801428825	1.21663067512146	1.1777776257869	1.043060304424	1.26089693780377	1.1094394149332	1.13563867408984	1.13051947208461	1.26766197573397	1.16563622329183	1.21726334716489	1.28921182886636	0.985011101418825	1.1983427590451	1.17610569812628	1.11580860188002	1.30825355921643	1.0534781009345	1.44713635179296	1.40706737687082	1.1168316095438	1.1645702472551	1.13401696475638	1.21524502444951	1.11231331534335	1.05462885680693	1.06054480444483	1.15265223044807	1.22086425722136	1.26999356780313
"Egla"	1.05910634104042	0.908586269650092	0.801767253692	0.806681178614896	1.30264786458003	0	1.07031480800653	0.707310277052	0.94772376698015	0.83883118009254	0.924638387068264	0.832014542531178	0.881939139000306	0.928141504368309	1.31834401696351	1.2177621390508	0.702233870133782	0.924945572374707	1.0557327969646	1.16443074706861	1.10831099172365	0.956298606013303	0.884824650604351	0.906786725324425	1.05715457323445	1.0647515324262	0.506774950834674	1.04914686730662	1.21999088789685	1.0305987215517	1.07906489544424	1.03157813711411	1.07764994251106	0.784773114997726	1.35498879407049	0.856538231743701	1.39321083662474	1.18666023661508	0.611939083632881	0.951531126877395	1.08029420343555	1.28669812605331	1.10203278919004	1.15202365831458	0.887533515642669	0.795552694346641	0.957918126756163	1.11008962301008
"Eiríks"	0.950359352703003	0.951762244804449	0.942835456584	0.9861364365266	1.14594911715548	1.07031480800653	0	0.975788375754305	1.0688237034492	0.970256144072254	0.904674955008227	0.964856359829023	1.0411111598233	0.95526669580059	1.07802943797475	1.09907438311271	0.945966106586774	1.05387213524934	1.15856283768157	0.972582039792379	0.984775251853157	0.956401602864078	1.13590256007203	0.91700400154818	1.12105081106462	1.01117625219279	1.01015297470114	0.988995042742449	0.994198220915606	1.00338812415646	0.866609394484959	1.04629424511516	1.01943412306974	0.919519382480488	1.2242924904664	0.934856407104319	1.26735785484646	1.28664126169048	0.904065931448957	0.990539795557723	0.981981364474831	1.25586861245223	1.05125739254587	1.02087072083768	0.93105895788895	1.01579849839172	1.04031898569641	1.09240481738145
"Eyrbyggja"	1.06393611837952	0.789340728185594	0.775845911088962	0.707815478661439	1.17805357632288	0.707310277052	0.975788375754305	0	0.799725791947005	0.85165076236161	0.863280916069071	0.802835366477544	0.861007586278176	0.851020882947469	1.26235267297623	1.1895419516026	0.583542203138033	0.803142941146514	1.02862892465811	1.03490708445421	0.969963394696806	0.858360220702461	0.855028082147933	0.744944060050669	0.967692043450234	0.890194541050124	0.725192650216642	0.990711691218225	1.13456962090412	0.838954410503712	0.886564119697535	0.851913041547924	0.984645110835491	0.685135992157685	1.24542673384939	0.79558834092255	1.41213995558754	1.2104221189286	0.524674996953194	0.872207308650065	0.883625853773602	1.26411380983442	1.09434083612872	0.998789140354963	0.830747491413493	0.750735256999979	0.883234909294976	1.07128897629457
"Finnboga"	1.0181492414927	0.889291433348368	0.931615234131646	0.692619746266268	1.10423405318409	0.94772376698015	1.0688237034492	0.799725791947005	0	0.759251708529803	0.850410877509922	0.854190644759307	0.935397415510195	0.797096014954112	1.23536778572484	1.13013536020099	0.746864057933805	0.960699269834061	0.974228211433236	1.03689164304389	0.975074321865778	0.863709941603498	0.939169970542263	0.767337352322039	0.792060779772978	1.00776342170582	0.887110380120644	0.914414999453958	1.18335562945621	0.946624021759412	0.895340808135165	0.893218243368089	1.05145832369367	0.767899945167576	1.21626753691581	0.838321195469136	1.33571606263152	1.09190812139915	0.781358522410827	0.921768265569864	0.870764009035222	1.2495998345407	1.07293700476792	1.0405069582916	0.75365675436835	0.798685017921854	0.888845672897926	1.18397352182266
"Fljótsdæla"	0.890847243312696	0.780091810257222	0.895387753407159	0.737600617816563	1.11779472404081	0.83883118009254	0.970256144072254	0.85165076236161	0.759251708529803	0	0.804296039119589	0.741567364065635	0.809287284099631	0.689615639127712	1.18850677026646	1.22215402511853	0.691398967169426	1.02248108777752	1.02636324514558	1.08313403528712	0.825975189337828	0.938177261889184	0.958176120281395	0.720251690379186	0.887078290755522	0.872805759384955	0.875267258409174	0.692863959969406	1.12254713921316	0.899421950915375	0.947317851391776	0.85674811078592	1.03960370118	0.711161521247282	1.20504346072092	0.736976069035159	1.24689169947159	1.1849820575729	0.807805236844662	0.859794849127568	0.873916005298197	1.23253449714298	0.981513637176353	0.943924072040794	0.668288216907937	0.746072601752983	0.919458400270186	1.1268341318421
"Flóamanna"	0.88040981226192	0.970294149854352	0.741023926099965	0.811348024083137	1.05774956590165	0.924638387068264	0.904674955008227	0.863280916069071	0.850410877509922	0.804296039119589	0	0.869476116100456	0.853383062719703	0.76388903788463	1.15594691754439	1.21397568662857	0.791190590321481	0.96215938665403	1.08790793806616	0.971693449538152	0.885386147441651	0.814504199278717	1.01162532535328	0.742992124609151	1.01290480348629	0.843929878495278	0.916843769974615	0.875629547257068	1.06933016482478	1.03552391425284	0.875387005812758	1.05310499789597	1.05698562372921	0.791890842404767	1.08380482370039	0.753787094974222	1.35061886091143	1.08456614366	0.767733268998382	0.834764290777601	0.847561219764782	1.16191933223832	0.883502327962456	0.96936456580839	0.73361722325869	0.817611116146842	1.02843270557501	1.06492476971404
"Fóstbræðra"	0.924682770440853	0.915040055958539	0.743908694431897	0.743746554517297	1.17384059439746	0.832014542531178	0.964856359829023	0.802835366477544	0.854190644759307	0.741567364065635	0.869476116100456	0	0.838575163575373	0.737807506264902	1.23872218057845	1.15623625904842	0.642577944869298	1.01732475750306	1.09880512883181	1.00939581875523	0.974526285001241	0.847673459941649	0.903252649376015	0.80285234963618	0.974710737256247	0.885428970942477	0.802902864589631	0.890578729543022	1.15026860315777	0.916635445408552	0.967594839750603	0.95282035995934	1.06691868754556	0.675339924650104	1.15742808289897	0.64298541015227	1.32109587757372	1.18038052776226	0.78652752257318	0.888489874877627	0.858905456095089	1.25012316075092	1.04796903108556	0.937941134911963	0.732001806911934	0.901186017083205	1.01616175690824	1.09342401521755
"Gísla Súrssonar L"	0.916279332448952	0.872362039738137	0.83768769911235	0.777478133547275	1.19269847464686	0.881939139000306	1.0411111598233	0.861007586278176	0.935397415510195	0.809287284099631	0.853383062719703	0.838575163575373	0	0.646180623530175	1.20480571145671	1.1686922521121	0.823270311755207	1.0192506469331	1.07361387367764	0.91860024545243	0.972764445662618	0.948955003302769	0.966917454907708	0.884523469883365	1.01742933236187	0.777617809898928	0.824845985680671	1.06288732367144	1.0623154016808	0.967265407555362	1.05938660969067	0.902813157143378	1.14643274116426	0.734299600536027	1.1451090730872	0.741524285606776	1.31456813095797	1.10994313165775	0.812671372735712	0.912565141941952	0.947337412918613	1.21803920463753	1.02004137664095	0.884501031422689	0.814458118873774	0.831159894312912	1.01646652467729	1.06708811641133
"Gísla Súrssonar S"	0.753448501739961	0.872000322484999	0.694691300823201	0.707113009858828	1.08999954611773	0.928141504368309	0.95526669580059	0.851020882947469	0.797096014954112	0.689615639127712	0.76388903788463	0.737807506264902	0.646180623530175	0	1.04003941811053	1.15075983466718	0.731737443222647	0.997860267532717	1.02006678867259	0.897451289479959	0.850227132028109	0.812805699348576	0.947774271416629	0.70888799281866	0.891189855510635	0.775950309369243	0.852420468189842	0.856303713392381	1.02518278199687	0.9348749285176	0.920427020892613	0.938264785939344	0.987355793659744	0.700647005775212	0.947814837446114	0.5872995214476	1.23622429208725	1.09129782404583	0.787889114108795	0.830834757120981	0.753555576621423	1.06382796388974	0.977571301879833	0.868317426563185	0.591138600992806	0.748497072990493	1.02026487545591	1.01874593652066
"Grænlendinga þáttur"	1.01091401227231	1.20564292567985	1.12069769636028	1.12696390752528	1.17633397525789	1.31834401696351	1.07802943797475	1.26235267297623	1.23536778572484	1.18850677026646	1.15594691754439	1.23872218057845	1.20480571145671	1.04003941811053	0	1.31156883950804	1.24316697056983	1.40689654448952	1.20509094482452	1.05727455157083	1.1023389297442	1.03467912126826	1.30349254711065	1.09734811853539	1.27464153084716	1.10333635843472	1.2905563141868	1.24126957151656	1.08555676304198	1.23341873153774	1.08099995134347	1.21918269337103	1.2361342701878	1.12294766562334	1.2125878944696	0.957265006198994	1.21877088060731	1.53188446810955	1.16087227993325	1.18414622686652	1.15325699776455	1.10139637059863	0.944613832397594	0.976769261654975	1.08816044996506	1.22808584868499	1.17203664109181	1.17984937512256
"Grænlendinga"	1.22631237710358	1.15869614100061	1.16514715664507	1.13377609410048	1.14794269156095	1.2177621390508	1.09907438311271	1.1895419516026	1.13013536020099	1.22215402511853	1.21397568662857	1.15623625904842	1.1686922521121	1.15075983466718	1.31156883950804	0	1.19502097036015	1.21599825653109	1.1533277277182	1.19916768518722	1.270778778024	1.09375581540728	1.24243254840508	1.19773938066214	1.3045505418859	1.19034877001375	1.16179272141294	1.18939700623091	1.31436928822168	1.19734594023185	1.02259137429181	1.03891393251698	1.26908507969584	1.08974323361959	1.36524304595812	1.04368387600358	1.54915512527433	1.53069805206525	1.16081415969359	1.12068513703381	1.12128603277786	1.22956024321042	1.24384595130764	1.23292060290154	1.13247344760843	1.28872862976534	1.15141988739655	1.35180710300348
"Grettis"	0.943473589805237	0.742569914554976	0.714691363151104	0.611850205109538	1.14990554934463	0.702233870133782	0.945966106586774	0.583542203138033	0.746864057933805	0.691398967169426	0.791190590321481	0.642577944869298	0.823270311755207	0.731737443222647	1.24316697056983	1.19502097036015	0	0.853075872408323	1.01775270034448	1.03232651507525	0.926177202737685	0.812448692783665	0.793111974489084	0.581479690635323	0.89332219718074	0.868583889560398	0.707598155988289	0.836625894911285	1.12081661470877	0.783149188105749	0.894417558404461	0.834400022211243	0.999640076708066	0.594323163955809	1.18620991100119	0.659047107240451	1.24736715810822	1.06829643910585	0.557810758587062	0.85627634097103	0.81235481446953	1.22882928689213	1.02930870125534	0.969463076004546	0.678019901641066	0.720092420822848	0.773591522427496	1.03183565452432
"Gull-Þóris"	1.10124047276669	0.899466131115668	0.990729403121523	0.89999206507011	1.14144015358607	0.924945572374707	1.05387213524934	0.803142941146514	0.960699269834061	1.02248108777752	0.96215938665403	1.01732475750306	1.0192506469331	0.997860267532717	1.40689654448952	1.21599825653109	0.853075872408323	0	0.984436544588174	1.14362880946239	1.12177523565585	0.883366495666556	0.98950540085855	0.97545111076611	1.12718514575272	0.997098792681433	0.906849509348861	1.02506809401415	1.03533617099303	1.00256268473955	0.97654408004163	0.906323124462985	1.07990627528939	0.97120741534324	1.33113140430765	0.92969811437669	1.42917736561648	1.26528925377641	0.781044166160694	1.05625698460676	0.923400397469328	1.30339296087393	1.02863357380179	0.993377987291158	1.00561423374721	0.927361729188341	1.03125398807698	1.15672776939199
"Gunnars"	1.14124635174372	1.10568603322927	1.09530271858525	0.91164404356484	1.19633801428825	1.0557327969646	1.15856283768157	1.02862892465811	0.974228211433236	1.02636324514558	1.08790793806616	1.09880512883181	1.07361387367764	1.02006678867259	1.20509094482452	1.1533277277182	1.01775270034448	0.984436544588174	0	1.17147459421431	1.15412799537844	0.908248350237924	1.03231627638128	1.0408398997322	1.1026172040272	1.09288982837303	1.10468697885173	1.13277318198415	1.06342214955052	1.00487084639049	1.0605888968767	0.954711764567112	1.21036069008143	1.08439490874114	1.23618159596048	0.917785501487118	1.30874342500048	1.38396906621539	1.03425125472025	0.998615940724785	0.881855285128849	1.169195564149	1.02610814558477	0.93715977387957	1.01579963948001	1.02945244638557	1.00632115370661	1.1777909823578
"Gunnlaugs"	0.917955763453018	0.980097952973824	0.963149077987031	0.973398150750818	1.21663067512146	1.16443074706861	0.972582039792379	1.03490708445421	1.03689164304389	1.08313403528712	0.971693449538152	1.00939581875523	0.91860024545243	0.897451289479959	1.05727455157083	1.19916768518722	1.03232651507525	1.14362880946239	1.17147459421431	0	1.08933675640697	0.805276546283476	1.16031374716979	1.05371875595086	1.09154059796864	0.88050674629761	1.14657649213371	1.09181402922183	1.07420321485374	1.08064428854113	1.02497920819121	1.06083479464529	1.16252403714309	0.978763745583247	1.11722168232451	0.877256947979933	1.40422951072092	1.37210817660476	1.01310203413187	0.960016268183974	1.02412679751013	1.23485874377096	1.04519516569616	0.936968013379569	0.990312588997884	1.0190538617559	1.09840559872492	1.12449434844464
"Hænsna-Þóris "	0.92667564123351	0.95320707105773	0.95655679679212	0.939392830197848	1.1777776257869	1.10831099172365	0.984775251853157	0.969963394696806	0.975074321865778	0.825975189337828	0.885386147441651	0.974526285001241	0.972764445662618	0.850227132028109	1.1023389297442	1.270778778024	0.926177202737685	1.12177523565585	1.15412799537844	1.08933675640697	0	0.964307956179492	1.06775895917379	0.904526342892552	1.06830634178029	0.954309688993336	1.06889721406373	0.92583354563104	1.09457664556991	1.06903950959982	1.03699561861956	1.02304607203671	1.16150807341568	0.941797735712246	1.18318620278782	0.863974858495757	1.15900951135878	1.27533829784016	1.00463516909644	1.05500724002682	0.96775253940314	1.24787672233963	0.962636707142461	0.986359553894627	0.866973699582878	0.889942802274058	1.06570409993763	1.09044802814053
"Hallfreðar M"	0.925095954513352	0.878464592955149	0.825831789660609	0.816989340545054	1.043060304424	0.956298606013303	0.956401602864078	0.858360220702461	0.863709941603498	0.938177261889184	0.814504199278717	0.847673459941649	0.948955003302769	0.812805699348576	1.03467912126826	1.09375581540728	0.812448692783665	0.883366495666556	0.908248350237924	0.805276546283476	0.964307956179492	0	0.910544983379982	0.859149593918387	1.0319431915773	0.946761159671135	0.978918134997206	0.972727742840794	1.00875504394023	0.967442854500684	0.902248945617029	0.892227953166295	1.04267211860513	0.875936195902071	1.05839722167706	0.708194951015571	1.27344190317574	1.22662474097398	0.859007734956173	0.885808370633673	0.840623551952468	1.05991905296508	0.929687104258309	0.850577132698271	0.762720235955113	0.867386703929865	0.950145782607996	1.10964588966812
"Hallfreðar Ó"	1.0520384539908	0.877968727010486	0.891165189739969	0.790544789731243	1.26089693780377	0.884824650604351	1.13590256007203	0.855028082147933	0.939169970542263	0.958176120281395	1.01162532535328	0.903252649376015	0.966917454907708	0.947774271416629	1.30349254711065	1.24243254840508	0.793111974489084	0.98950540085855	1.03231627638128	1.16031374716979	1.06775895917379	0.910544983379982	0	0.837585979542098	1.07173095845246	1.01114680788007	0.768206564230369	1.03441376528904	1.14668711452751	0.97664014441307	1.01688219038818	0.97642678859136	1.14118115602642	0.886208625752893	1.22787499561624	0.849519678885192	1.39069631963625	1.32991031231984	0.782946386485994	0.934703764459253	0.991665343405732	1.29461860666415	1.10777065948116	0.991729887417836	0.877691087622632	0.882649992725635	0.966731112841238	1.14325595455184
"Harðar og Hólmverja"	0.966258843146553	0.771507771570865	0.764033752679305	0.726098369359172	1.1094394149332	0.906786725324425	0.91700400154818	0.744944060050669	0.767337352322039	0.720251690379186	0.742992124609151	0.80285234963618	0.884523469883365	0.70888799281866	1.09734811853539	1.19773938066214	0.581479690635323	0.97545111076611	1.0408398997322	1.05371875595086	0.904526342892552	0.859149593918387	0.837585979542098	0	0.921885836563711	0.876989201777832	0.852053837613744	0.874712453585998	1.0996109049391	0.855626105040545	0.94304694035864	0.951002735038528	1.00531799280959	0.662853323104579	1.1024874885669	0.692970620884047	1.26839368020581	1.16802402106193	0.695109683088755	0.834625122993266	0.83121483844115	1.27038493534667	0.993004733901909	0.923241741738902	0.63630630764902	0.768907763849395	0.857647059667778	1.07428399648387
"Hávarðar"	1.00095885639851	1.00276303536818	1.05419028007897	0.923778017333064	1.13563867408984	1.05715457323445	1.12105081106462	0.967692043450234	0.792060779772978	0.887078290755522	1.01290480348629	0.974710737256247	1.01742933236187	0.891189855510635	1.27464153084716	1.3045505418859	0.89332219718074	1.12718514575272	1.1026172040272	1.09154059796864	1.06830634178029	1.0319431915773	1.07173095845246	0.921885836563711	0	1.01847933269992	1.09403044848916	1.0765095165842	1.22478057007695	1.01650821546018	1.07810503462621	1.00459147783917	1.15656034306106	0.971736111552092	1.19655911103817	0.911212497000744	1.3481121109181	1.23079164626045	0.992347015031595	0.991028182905789	0.958617449387456	1.39375606484158	1.12835550410279	1.04823207348637	0.923163393642676	0.939672187918015	1.0278797440897	1.29717916088153
"Heiðarvíga"	0.935722581034848	0.906548182259135	0.895460147441755	0.841786746361525	1.13051947208461	1.0647515324262	1.01117625219279	0.890194541050124	1.00776342170582	0.872805759384955	0.843929878495278	0.885428970942477	0.777617809898928	0.775950309369243	1.10333635843472	1.19034877001375	0.868583889560398	0.997098792681433	1.09288982837303	0.88050674629761	0.954309688993336	0.946761159671135	1.01114680788007	0.876989201777832	1.01847933269992	0	0.891988316278556	0.977318309208672	1.01041481439186	0.941029134489156	0.843211967212371	0.938425325523581	1.14096409267692	0.887290631050926	1.07589410267244	0.772862994662405	1.34631204058214	1.19379601945943	0.865276143863901	0.919329852683539	0.94190016374381	1.26009890954261	0.974040722373441	0.896865143189399	0.881989407574647	0.85187993643621	1.04433715363734	1.16733424908338
"Heimskringla"	1.04545601635306	0.815643274506101	0.770731159543908	0.755718100159745	1.26766197573397	0.506774950834674	1.01015297470114	0.725192650216642	0.887110380120644	0.875267258409174	0.916843769974615	0.802902864589631	0.824845985680671	0.852420468189842	1.2905563141868	1.16179272141294	0.707598155988289	0.906849509348861	1.10468697885173	1.14657649213371	1.06889721406373	0.978918134997206	0.768206564230369	0.852053837613744	1.09403044848916	0.891988316278556	0	0.935970247370299	1.09946426862036	1.00798083317891	0.93244393909697	1.01229751917227	0.931851166184713	0.733131911109695	1.27144041081653	0.841448949890465	1.30015053051922	1.11516976232805	0.518685699048751	0.920414634817575	1.06053217009879	1.26058020732355	1.13209700156013	1.10351619015071	0.861058012734283	0.781727711969739	0.934398865143929	1.14012048899084
"Hrafnkels"	0.881431915398549	0.914632234283263	0.875801748505241	0.875490576249866	1.16563622329183	1.04914686730662	0.988995042742449	0.990711691218225	0.914414999453958	0.692863959969406	0.875629547257068	0.890578729543022	1.06288732367144	0.856303713392381	1.24126957151656	1.18939700623091	0.836625894911285	1.02506809401415	1.13277318198415	1.09181402922183	0.92583354563104	0.972727742840794	1.03441376528904	0.874712453585998	1.0765095165842	0.977318309208672	0.935970247370299	0	1.13490462326557	1.02637776500157	0.943625387577464	0.924925842462477	1.05679677742847	0.881521098433711	1.22357258211881	0.816191189698334	1.14603879831944	1.32347674446344	0.926619326456075	0.932738527859845	0.928349296820778	1.17183884960714	1.02084284913526	1.05882329454163	0.810201185343475	0.906264843349231	0.950282954397505	1.03833624694048
"Jökuls þ"	0.886790509793913	1.02158372460351	1.11772608289792	1.09931811274814	1.21726334716489	1.21999088789685	0.994198220915606	1.13456962090412	1.18335562945621	1.12254713921316	1.06933016482478	1.15026860315777	1.0623154016808	1.02518278199687	1.08555676304198	1.31436928822168	1.12081661470877	1.03533617099303	1.06342214955052	1.07420321485374	1.09457664556991	1.00875504394023	1.14668711452751	1.0996109049391	1.22478057007695	1.01041481439186	1.09946426862036	1.13490462326557	0	1.10373758570935	0.978873513707505	1.08468407595062	1.03810832989026	1.15440759251118	1.16979556010606	0.946838109377711	1.25406937369105	1.42560774425987	1.08117343598251	1.02767332467512	1.07648569601219	1.04528652446721	0.815057085614917	0.864438476859222	1.02756605438116	1.04038411319529	1.03462017426811	1.1592219882989
"Kjalnesinga"	1.06729224947751	0.857304514743858	0.924432014924174	0.873432363648301	1.28921182886636	1.0305987215517	1.00338812415646	0.838954410503712	0.946624021759412	0.899421950915375	1.03552391425284	0.916635445408552	0.967265407555362	0.9348749285176	1.23341873153774	1.19734594023185	0.783149188105749	1.00256268473955	1.00487084639049	1.08064428854113	1.06903950959982	0.967442854500684	0.97664014441307	0.855626105040545	1.01650821546018	0.941029134489156	1.00798083317891	1.02637776500157	1.10373758570935	0	0.98611190224879	0.747695217290884	1.14299135271986	0.909446450463027	1.12712094518358	0.848918775845658	1.34151316228723	1.37008283088491	0.886710383698089	0.971945390086369	0.844267815463719	1.15734088136548	1.04782366022943	0.876295628193261	0.896929305384166	0.938001072580092	1.0127937724447	1.20222064623857
"Kormáks"	0.998995248615462	1.03113372609207	0.948251029973262	0.81106471777901	0.985011101418825	1.07906489544424	0.866609394484959	0.886564119697535	0.895340808135165	0.947317851391776	0.875387005812758	0.967594839750603	1.05938660969067	0.920427020892613	1.08099995134347	1.02259137429181	0.894417558404461	0.97654408004163	1.0605888968767	1.02497920819121	1.03699561861956	0.902248945617029	1.01688219038818	0.94304694035864	1.07810503462621	0.843211967212371	0.93244393909697	0.943625387577464	0.978873513707505	0.98611190224879	0	0.991582691175799	0.918870112713553	0.906652256395065	1.08811232504049	0.834059478351436	1.35805589932442	1.28292752839315	0.863850907589389	0.976736501855846	0.988556657680133	1.23427522896595	0.910384036370589	0.962128500543394	0.942265830784793	0.833281257286079	1.01880807613734	1.05884887294619
"Króka-Refs"	0.997326459410786	0.836187034133725	0.977948873439997	0.828334873562437	1.1983427590451	1.03157813711411	1.04629424511516	0.851913041547924	0.893218243368089	0.85674811078592	1.05310499789597	0.95282035995934	0.902813157143378	0.938264785939344	1.21918269337103	1.03891393251698	0.834400022211243	0.906323124462985	0.954711764567112	1.06083479464529	1.02304607203671	0.892227953166295	0.97642678859136	0.951002735038528	1.00459147783917	0.938425325523581	1.01229751917227	0.924925842462477	1.08468407595062	0.747695217290884	0.991582691175799	0	1.16454794314174	0.909374046008867	1.1939955314636	0.853178815968907	1.33294133826409	1.32630408953639	0.931387687357054	0.953569935324901	0.910906339407098	1.24144655864033	1.00221483683667	0.967145870280734	0.898062693979872	0.944722814787854	0.89444728603989	1.09501952644915
"Landnámabók"	1.11930459492819	0.995331337910765	1.09535060038251	0.998121982717853	1.17610569812628	1.07764994251106	1.01943412306974	0.984645110835491	1.05145832369367	1.03960370118	1.05698562372921	1.06691868754556	1.14643274116426	0.987355793659744	1.2361342701878	1.26908507969584	0.999640076708066	1.07990627528939	1.21036069008143	1.16252403714309	1.16150807341568	1.04267211860513	1.14118115602642	1.00531799280959	1.15656034306106	1.14096409267692	0.931851166184713	1.05679677742847	1.03810832989026	1.14299135271986	0.918870112713553	1.16454794314174	0	0.947362441989274	1.28865758617908	0.941053535708812	1.34076370540875	1.38645985147247	0.908487664283773	1.10278914055587	1.12985868744226	1.21688272128683	1.04545005877873	1.09569326526442	1.00153513121081	1.05257241485466	1.10439877737068	1.30982161016014
"Laxdæla"	0.961804981415994	0.850065703232228	0.721399220663274	0.699314877732259	1.11580860188002	0.784773114997726	0.919519382480488	0.685135992157685	0.767899945167576	0.711161521247282	0.791890842404767	0.675339924650104	0.734299600536027	0.700647005775212	1.12294766562334	1.08974323361959	0.594323163955809	0.97120741534324	1.08439490874114	0.978763745583247	0.941797735712246	0.875936195902071	0.886208625752893	0.662853323104579	0.971736111552092	0.887290631050926	0.733131911109695	0.881521098433711	1.15440759251118	0.909446450463027	0.906652256395065	0.909374046008867	0.947362441989274	0	1.17372806720311	0.673338810173511	1.21740048566631	1.15383259339883	0.6523957558873	0.975804609653766	0.788716034255305	1.24412694074728	1.04657488139783	0.970091913517377	0.686362928645365	0.762906604015006	0.916448837202459	1.08342502234237
"Ljósvetninga A"	0.995107394299692	1.26353715850345	1.11546556260228	1.04275527149755	1.30825355921643	1.35498879407049	1.2242924904664	1.24542673384939	1.21626753691581	1.20504346072092	1.08380482370039	1.15742808289897	1.1451090730872	0.947814837446114	1.2125878944696	1.36524304595812	1.18620991100119	1.33113140430765	1.23618159596048	1.11722168232451	1.18318620278782	1.05839722167706	1.22787499561624	1.1024874885669	1.19655911103817	1.07589410267244	1.27144041081653	1.22357258211881	1.16979556010606	1.12712094518358	1.08811232504049	1.1939955314636	1.28865758617908	1.17372806720311	0	0.8658126765561	1.41295893884085	1.39693899275008	1.19719488425474	1.19253572403375	1.01198025999568	1.35503718525774	1.23403134515568	0.914551898979022	1.01901026745749	1.0199030482638	1.29544093366074	1.31063281578183
"Ljósvetninga C"	0.747666300830269	0.845725989802598	0.708178029159316	0.657860429108374	1.0534781009345	0.856538231743701	0.934856407104319	0.79558834092255	0.838321195469136	0.736976069035159	0.753787094974222	0.64298541015227	0.741524285606776	0.5872995214476	0.957265006198994	1.04368387600358	0.659047107240451	0.92969811437669	0.917785501487118	0.877256947979933	0.863974858495757	0.708194951015571	0.849519678885192	0.692970620884047	0.911212497000744	0.772862994662405	0.841448949890465	0.816191189698334	0.946838109377711	0.848918775845658	0.834059478351436	0.853178815968907	0.941053535708812	0.673338810173511	0.8658126765561	0	1.20142288989617	1.19241297915032	0.768217766755684	0.815445583048699	0.710900380018699	1.07195929691756	0.821488988335863	0.716683795156057	0.566112018996552	0.694754810715061	0.943986438511794	0.965432569929648
"Ölkofra"	1.16616255236787	1.35021381470453	1.23642333456877	1.29106011265188	1.44713635179296	1.39321083662474	1.26735785484646	1.41213995558754	1.33571606263152	1.24689169947159	1.35061886091143	1.32109587757372	1.31456813095797	1.23622429208725	1.21877088060731	1.54915512527433	1.24736715810822	1.42917736561648	1.30874342500048	1.40422951072092	1.15900951135878	1.27344190317574	1.39069631963625	1.26839368020581	1.3481121109181	1.34631204058214	1.30015053051922	1.14603879831944	1.25406937369105	1.34151316228723	1.35805589932442	1.33294133826409	1.34076370540875	1.21740048566631	1.41295893884085	1.20142288989617	0	1.59384199547928	1.34295484204469	1.39446755702763	1.26522209360737	1.3261245017807	1.20826147132876	1.29445891679261	1.16622382806915	1.30609524994498	1.269398903514	1.42586993433027
"Reykdæla"	1.37628911329813	1.28634644801324	1.15407764471925	1.15200106093811	1.40706737687082	1.18666023661508	1.28664126169048	1.2104221189286	1.09190812139915	1.1849820575729	1.08456614366	1.18038052776226	1.10994313165775	1.09129782404583	1.53188446810955	1.53069805206525	1.06829643910585	1.26528925377641	1.38396906621539	1.37210817660476	1.27533829784016	1.22662474097398	1.32991031231984	1.16802402106193	1.23079164626045	1.19379601945943	1.11516976232805	1.32347674446344	1.42560774425987	1.37008283088491	1.28292752839315	1.32630408953639	1.38645985147247	1.15383259339883	1.39693899275008	1.19241297915032	1.59384199547928	0	1.02632633555098	1.27879606537309	1.23299032489654	1.4732257901019	1.31301879972025	1.29513332857357	1.2190181798211	1.08993831251533	1.32396112324644	1.368705612727
"Sturlunga"	1.01380268834242	0.784093809384186	0.731341860142838	0.614477326444357	1.1168316095438	0.611939083632881	0.904065931448957	0.524674996953194	0.781358522410827	0.807805236844662	0.767733268998382	0.78652752257318	0.812671372735712	0.787889114108795	1.16087227993325	1.16081415969359	0.557810758587062	0.781044166160694	1.03425125472025	1.01310203413187	1.00463516909644	0.859007734956173	0.782946386485994	0.695109683088755	0.992347015031595	0.865276143863901	0.518685699048751	0.926619326456075	1.08117343598251	0.886710383698089	0.863850907589389	0.931387687357054	0.908487664283773	0.6523957558873	1.19719488425474	0.768217766755684	1.34295484204469	1.02632633555098	0	0.849506270405492	0.918095513483013	1.23230123858127	1.03568208038308	1.01182311157435	0.774190503847124	0.666807060805438	0.877545670410274	0.990796245254691
"Svarfdæla"	0.872241194766597	0.881203669710679	0.875746198958806	0.800773791012332	1.1645702472551	0.951531126877395	0.990539795557723	0.872207308650065	0.921768265569864	0.859794849127568	0.834764290777601	0.888489874877627	0.912565141941952	0.830834757120981	1.18414622686652	1.12068513703381	0.85627634097103	1.05625698460676	0.998615940724785	0.960016268183974	1.05500724002682	0.885808370633673	0.934703764459253	0.834625122993266	0.991028182905789	0.919329852683539	0.920414634817575	0.932738527859845	1.02767332467512	0.971945390086369	0.976736501855846	0.953569935324901	1.10278914055587	0.975804609653766	1.19253572403375	0.815445583048699	1.39446755702763	1.27879606537309	0.849506270405492	0	0.962565593744519	1.20887179491694	1.08331740804962	0.919987883919211	0.855917275311222	0.858483038081657	0.972535275003771	1.04321741413171
"Þórðar hreðu"	1.0201605577118	0.930752259391003	0.875566519981518	0.736833308606105	1.13401696475638	1.08029420343555	0.981981364474831	0.883625853773602	0.870764009035222	0.873916005298197	0.847561219764782	0.858905456095089	0.947337412918613	0.753555576621423	1.15325699776455	1.12128603277786	0.81235481446953	0.923400397469328	0.881855285128849	1.02412679751013	0.96775253940314	0.840623551952468	0.991665343405732	0.83121483844115	0.958617449387456	0.94190016374381	1.06053217009879	0.928349296820778	1.07648569601219	0.844267815463719	0.988556657680133	0.910906339407098	1.12985868744226	0.788716034255305	1.01198025999568	0.710900380018699	1.26522209360737	1.23299032489654	0.918095513483013	0.962565593744519	0	1.07562315725509	1.00404054976823	0.88904484031921	0.777178309781776	0.952347142779661	1.0200623938685	1.0923055314226
"Þorsteins hvíta"	1.0501258354503	1.13517630189293	1.14185537756106	1.20117555051168	1.21524502444951	1.28669812605331	1.25586861245223	1.26411380983442	1.2495998345407	1.23253449714298	1.16191933223832	1.25012316075092	1.21803920463753	1.06382796388974	1.10139637059863	1.22956024321042	1.22882928689213	1.30339296087393	1.169195564149	1.23485874377096	1.24787672233963	1.05991905296508	1.29461860666415	1.27038493534667	1.39375606484158	1.26009890954261	1.26058020732355	1.17183884960714	1.04528652446721	1.15734088136548	1.23427522896595	1.24144655864033	1.21688272128683	1.24412694074728	1.35503718525774	1.07195929691756	1.3261245017807	1.4732257901019	1.23230123858127	1.20887179491694	1.07562315725509	0	1.07140099745103	1.07988644837285	1.04941556381194	1.1532743625155	1.30706764454368	1.10942970086229
"Þorsteins S"	0.902930945295114	0.961572711803903	1.0030380686013	1.04657645290032	1.11231331534335	1.10203278919004	1.05125739254587	1.09434083612872	1.07293700476792	0.981513637176353	0.883502327962456	1.04796903108556	1.02004137664095	0.977571301879833	0.944613832397594	1.24384595130764	1.02930870125534	1.02863357380179	1.02610814558477	1.04519516569616	0.962636707142461	0.929687104258309	1.10777065948116	0.993004733901909	1.12835550410279	0.974040722373441	1.13209700156013	1.02084284913526	0.815057085614917	1.04782366022943	0.910384036370589	1.00221483683667	1.04545005877873	1.04657488139783	1.23403134515568	0.821488988335863	1.20826147132876	1.31301879972025	1.03568208038308	1.08331740804962	1.00404054976823	1.07140099745103	0	0.846146523540473	0.880523235955197	0.95464997131398	1.06245998278233	1.05895745194002
"Valla-Ljóts"	0.808896403612433	0.994260747893663	0.974651508010517	0.877514652977546	1.05462885680693	1.15202365831458	1.02087072083768	0.998789140354963	1.0405069582916	0.943924072040794	0.96936456580839	0.937941134911963	0.884501031422689	0.868317426563185	0.976769261654975	1.23292060290154	0.969463076004546	0.993377987291158	0.93715977387957	0.936968013379569	0.986359553894627	0.850577132698271	0.991729887417836	0.923241741738902	1.04823207348637	0.896865143189399	1.10351619015071	1.05882329454163	0.864438476859222	0.876295628193261	0.962128500543394	0.967145870280734	1.09569326526442	0.970091913517377	0.914551898979022	0.716683795156057	1.29445891679261	1.29513332857357	1.01182311157435	0.919987883919211	0.88904484031921	1.07988644837285	0.846146523540473	0	0.83135109719561	0.877615816624466	1.11962009860998	1.14311939282754
"Vatnsdæla "	0.852973249215816	0.797933661228485	0.695646074528246	0.674351464329702	1.06054480444483	0.887533515642669	0.93105895788895	0.830747491413493	0.75365675436835	0.668288216907937	0.73361722325869	0.732001806911934	0.814458118873774	0.591138600992806	1.08816044996506	1.13247344760843	0.678019901641066	1.00561423374721	1.01579963948001	0.990312588997884	0.866973699582878	0.762720235955113	0.877691087622632	0.63630630764902	0.923163393642676	0.881989407574647	0.861058012734283	0.810201185343475	1.02756605438116	0.896929305384166	0.942265830784793	0.898062693979872	1.00153513121081	0.686362928645365	1.01901026745749	0.566112018996552	1.16622382806915	1.2190181798211	0.774190503847124	0.855917275311222	0.777178309781776	1.04941556381194	0.880523235955197	0.83135109719561	0	0.755858926245317	0.911331412442251	1.05400013522962
"Víga-Glúms "	0.806597472104204	0.890184690552874	0.810237272987243	0.746442741249101	1.15265223044807	0.795552694346641	1.01579849839172	0.750735256999979	0.798685017921854	0.746072601752983	0.817611116146842	0.901186017083205	0.831159894312912	0.748497072990493	1.22808584868499	1.28872862976534	0.720092420822848	0.927361729188341	1.02945244638557	1.0190538617559	0.889942802274058	0.867386703929865	0.882649992725635	0.768907763849395	0.939672187918015	0.85187993643621	0.781727711969739	0.906264843349231	1.04038411319529	0.938001072580092	0.833281257286079	0.944722814787854	1.05257241485466	0.762906604015006	1.0199030482638	0.694754810715061	1.30609524994498	1.08993831251533	0.666807060805438	0.858483038081657	0.952347142779661	1.1532743625155	0.95464997131398	0.877615816624466	0.755858926245317	0	1.02694739645191	1.00526276712909
"Víglundar"	1.11890743794138	0.818242635774288	1.03225653896912	0.921513911269212	1.22086425722136	0.957918126756163	1.04031898569641	0.883234909294976	0.888845672897926	0.919458400270186	1.02843270557501	1.01616175690824	1.01646652467729	1.02026487545591	1.17203664109181	1.15141988739655	0.773591522427496	1.03125398807698	1.00632115370661	1.09840559872492	1.06570409993763	0.950145782607996	0.966731112841238	0.857647059667778	1.0278797440897	1.04433715363734	0.934398865143929	0.950282954397505	1.03462017426811	1.0127937724447	1.01880807613734	0.89444728603989	1.10439877737068	0.916448837202459	1.29544093366074	0.943986438511794	1.269398903514	1.32396112324644	0.877545670410274	0.972535275003771	1.0200623938685	1.30706764454368	1.06245998278233	1.11962009860998	0.911331412442251	1.02694739645191	0	1.26885122232912
