"Bandamanna"	"Bárðar"	"Bjarnar"	"Brennu-Njáls"	"Droplaugarsona"	"Egla"	"Eiríks"	"Eyrbyggja"	"Finnboga"	"Fljótsdæla"	"Flóamanna"	"Fóstbræðra"	"Gísla Súrssonar L"	"Gísla Súrssonar S"	"Grænlendinga þáttur"	"Grænlendinga"	"Grettis"	"Gull-Þóris"	"Gunnars"	"Gunnlaugs"	"Hænsna-Þóris "	"Hallfreðar M"	"Hallfreðar Ó"	"Harðar og Hólmverja"	"Hávarðar"	"Heiðarvíga"	"Heimskringla"	"Hrafnkels"	"Jökuls þ"	"Kjalnesinga"	"Kormáks"	"Króka-Refs"	"Landnámabók"	"Laxdæla"	"Ljósvetninga A"	"Ljósvetninga C"	"Ölkofra"	"Reykdæla"	"Sturlunga"	"Svarfdæla"	"Þórðar hreðu"	"Þorsteins hvíta"	"Þorsteins S"	"Valla-Ljóts"	"Vatnsdæla "	"Víga-Glúms "	"Víglundar"	"Vopnfirðinga"
"Bandamanna"	0	1.13918722722605	1.01761695936186	0.965380254719272	1.2858252933447	1.14985875133429	1.22123857547952	1.1183634992581	0.986141838635933	0.93242860009836	1.02281696712773	0.968414898187493	0.882240856198378	0.891385528504083	1.225454372794	1.3378738890757	1.00647071110196	1.35906344234594	1.33282947943895	1.16898625535819	0.923174506565952	1.10204816570575	1.10401209540303	1.01799070341061	0.988196437179417	0.900509325455195	1.29325916381648	1.01307189065968	1.31094351187469	1.1565384196995	1.14236156881446	0.979473342931695	1.59861817930574	0.976042071892647	1.06876982187976	0.878663300720155	1.19050702042777	1.06500931767655	1.23896712563964	1.01106681334534	1.08971361107657	1.32715139747061	1.10441453628894	1.00614840932066	0.912509299344677	0.883934501036895	1.18299609020905	1.03073566782094
"Bárðar"	1.13918722722605	0	0.883681401778761	0.89803977637023	0.862690738909281	0.823735309749769	0.892038752412455	0.793651540517028	0.865152711701622	0.877813305446897	0.815744160945812	0.847843992310622	0.86369858747124	0.872011214637971	1.21601240351425	1.0087506100865	0.73626553633985	0.940765397096158	0.965335923890016	0.918422095886835	1.13157233647308	0.97676072851123	0.900314612179616	0.787142531758308	0.94170787315144	1.01673672325152	0.935019515423862	1.07598694625532	1.10462034066973	0.909270495384572	0.945732499761492	0.923789858271421	1.16556293981899	0.814015132723488	1.06490336374857	0.962816726712806	1.34150161110248	1.0400697024534	0.870127997872313	0.885176758164319	0.913885753698627	1.06803932044129	1.0694040654299	1.1216532749012	0.850662244815186	0.957655514725687	0.899677283790171	0.934562910134831
"Bjarnar"	1.01761695936186	0.883681401778761	0	0.825874342048344	1.00625732853179	0.820767055292764	0.964356828347532	0.80300264168889	0.793553210018967	0.846469347010175	0.760686983945957	0.802102524071354	0.773515873944141	0.82164866997308	1.09754400830893	1.11819187950871	0.739995490394007	1.04247743138462	1.09945106794552	0.919273082835404	1.02789217748374	0.86616109890649	0.854370293770515	0.800623851347105	0.899019317123255	0.884948487695581	0.9710390142474	0.964230565960302	1.23498535225726	0.941494421283879	0.87447687487597	0.948966358914022	1.37289503322195	0.716122476487506	0.973956766430029	0.83563606503634	1.24173564433968	0.791802162584253	0.861416727835164	0.842121201223957	0.853310470456923	1.12934882526912	1.02458547485565	0.988364035357309	0.717157670740184	0.735146457471798	0.968520028598301	0.852115313039252
"Brennu-Njáls"	0.965380254719272	0.89803977637023	0.825874342048344	0	0.993990696353436	0.833956642512402	0.999496998736462	0.780564848267864	0.765489477110205	0.778814215838959	0.806704396004735	0.762383095292943	0.770792875540491	0.821936498410426	1.08180606679635	1.1023835139141	0.65431610572537	1.00510984591578	1.03591419196402	0.905685562666862	0.930651788315167	0.836866470505026	0.774396510191579	0.751372026152434	0.793722945073368	0.878604108726536	0.947610455932306	0.889953404837303	1.13679830840895	0.89535170506231	0.931882075759312	0.89649041386527	1.35488634054169	0.762044553154946	0.867794390209308	0.660609407731107	1.12661598355551	0.942627222540025	0.831173334610316	0.764007918922633	0.816025100079604	1.12321140079836	0.983390735171543	0.902162184166266	0.672320116632122	0.738151691479619	0.900153629224935	0.854821079614675
"Droplaugarsona"	1.2858252933447	0.862690738909281	1.00625732853179	0.993990696353436	0	0.937611781479963	1.01109487413411	0.895384363740319	1.06207000935641	1.0211776597918	0.926048191424597	0.969200846079856	0.964758293996462	0.976597467864169	1.28037199933602	1.112447924434	0.925352010691167	0.963007287701185	1.04085818465912	0.981276061761056	1.27454035580633	1.04137944962147	1.03534810700515	0.872723749826755	1.0634169537979	1.15966802912648	1.10111213914411	1.19192151437484	1.25073071925308	1.04125461173512	0.931210563348754	1.11827832365819	1.18128805214339	0.987806026163738	1.09944530965972	1.07248455884639	1.34507234943811	1.05925632125108	0.926812421121347	0.980014544588182	1.02797385210284	1.17533557195716	1.24917949317814	1.20602583539323	0.980572969808555	1.00812999864374	1.08585715541701	0.908799557676856
"Egla"	1.14985875133429	0.823735309749769	0.820767055292764	0.833956642512402	0.937611781479963	0	0.904016071592467	0.665506604225998	0.903749196488187	0.913894360667847	0.829679898240401	0.819129999406735	0.860542397177864	0.927845900883428	1.12074140251975	0.965714628419856	0.728402527943731	0.908823752706265	0.991671702901671	0.960529950423846	1.14675038839817	0.943798147916652	0.831630642860167	0.816943896507607	0.955639536121587	0.969454208276912	0.574153017664006	1.05775546796747	1.18471935325159	0.858807723276129	0.978437131161566	0.913359673557501	1.27965828424236	0.779943821863817	1.02252256334125	0.897289956044348	1.23537151587923	0.99373267905212	0.777029821784048	0.865993165641882	0.989877109599894	1.14153277658963	1.13347019685285	1.10151464228628	0.836670148986719	0.93654259976841	0.991015190223164	0.934643653671128
"Eiríks"	1.22123857547952	0.892038752412455	0.964356828347532	0.999496998736462	1.01109487413411	0.904016071592467	0	0.866469164785605	1.01805921602762	0.985178682298512	0.907649404095217	0.891117250975545	0.991878606744241	1.00555018126582	1.17579952285018	1.02809090226981	0.822371175101378	0.981953558078439	1.14926875385194	1.02524752247172	1.19106515826932	1.06432036155996	1.00889675389001	0.87033321917586	1.03745839805611	1.01808042731885	1.00187125164306	1.15037688411868	1.27984004628104	1.06850666749495	1.01188612397156	0.994647985886927	1.26009223611836	0.897356637362837	1.09954889752778	1.01091644144013	1.36787877158253	1.09428026619344	0.884735557639168	0.980126951683437	1.09976237361784	1.11974695823822	1.13367874394322	1.20623252166741	0.932896287165937	1.02429906117978	1.06291632473428	1.0070103799264
"Eyrbyggja"	1.1183634992581	0.793651540517028	0.80300264168889	0.780564848267864	0.895384363740319	0.665506604225998	0.866469164785605	0	0.833394317015101	0.844292091123322	0.755984345078099	0.786854562944189	0.827713125930202	0.891057294367611	1.11451276406118	0.984430913074872	0.631998672849911	0.784049036616196	1.01015396319459	0.917269572541479	1.09520416465807	0.952873687320103	0.838328033485408	0.727947338913957	0.849770903925248	0.955992307698168	0.800359386719527	0.977690345972516	1.19625082040336	0.880118762038029	0.910892757764198	0.929255445085025	1.21466125814743	0.723241047051973	1.01186654276158	0.859263998909461	1.21093529595112	0.937337892914192	0.643554610823003	0.829488435222288	0.913335530148824	1.07972708938437	1.06085312235408	1.05006194214218	0.740872745837581	0.851614989526052	0.953166949462887	0.81026250641259
"Finnboga"	0.986141838635933	0.865152711701622	0.793553210018967	0.765489477110205	1.06207000935641	0.903749196488187	1.01805921602762	0.833394317015101	0	0.775776249859772	0.750882925766798	0.796965928986429	0.785119760107277	0.816411568363746	1.12345339363724	1.12756446452578	0.693893339521593	1.05026683346012	0.983877500602737	0.915222315141979	0.981316510713346	0.939929817054863	0.849423174849642	0.759353106756721	0.697369372692503	0.932562635481858	1.00619291141522	0.939945428286908	1.16226974430945	0.902939142093841	0.883810584127877	0.861011314849725	1.47089654482692	0.702182624492579	0.969766943136973	0.798987632477422	1.23020005213233	0.9407923477107	0.931634348459541	0.820303009945354	0.818259711580493	1.12896292198186	1.0297934001798	1.00905455900487	0.691775460584569	0.812881627407297	0.889002429037749	0.866243467790536
"Fljótsdæla"	0.93242860009836	0.877813305446897	0.846469347010175	0.778814215838959	1.0211776597918	0.913894360667847	0.985178682298512	0.844292091123322	0.775776249859772	0	0.81538459556467	0.706517290303867	0.655532692399303	0.665645579374435	1.16980718121441	1.11321785212886	0.731386381487737	1.08842758614988	1.04594062675127	0.992283186350922	0.856824727021849	0.944025113808799	0.886674025157909	0.792522710989087	0.739307101348791	0.843624715053364	1.06059822821469	0.736543826222848	1.12761511452713	0.927454209571804	0.936618714021042	0.823990429445037	1.41154938644794	0.736723361908094	0.94147184313731	0.790433271473356	1.2306895492312	0.975955373352095	0.998534385732076	0.73803930628378	0.89732254423967	1.18540128824071	1.01969852344831	0.9504754899335	0.746869744057155	0.803061215536445	0.977703089756065	0.839877345340964
"Flóamanna"	1.02281696712773	0.815744160945812	0.760686983945957	0.806704396004735	0.926048191424597	0.829679898240401	0.907649404095217	0.755984345078099	0.750882925766798	0.81538459556467	0	0.806391783867988	0.732585580729745	0.758883934297585	1.0643669820653	1.03430155117525	0.720963439314044	0.995249827544785	0.99137111674187	0.852939274784518	0.993068355968455	0.834487831524832	0.769437272832689	0.711309539096175	0.866002084701855	0.886218161125704	0.980352552004755	0.989334865185461	1.16771856921404	0.868414431238468	0.793738821403209	0.922427524597324	1.29185066628714	0.740535164597973	0.914889443371667	0.83056970965085	1.23068398302485	0.863400730156057	0.848673647493399	0.797485855898495	0.857885152538676	1.03151264494946	1.00990292796963	0.93440361275435	0.689517219587629	0.78498753783985	0.912270404275049	0.805467743723551
"Fóstbræðra"	0.968414898187493	0.847843992310622	0.802102524071354	0.762383095292943	0.969200846079856	0.819129999406735	0.891117250975545	0.786854562944189	0.796965928986429	0.706517290303867	0.806391783867988	0	0.72023756303338	0.732998569124005	1.11847087956932	1.04914842753762	0.685625814189276	1.02592848198394	1.04228884178162	0.932806751921732	0.940289320336832	0.872472154046936	0.811731057866731	0.803409946523071	0.765688632013463	0.817450276834561	0.969828150135947	0.927962133347638	1.13980715578225	0.892588627976211	0.897769266773882	0.777462841452591	1.34355491888897	0.702574156217444	0.890710681832895	0.73868854757038	1.24003757264155	0.965356298250811	0.911446672058276	0.755868132248059	0.857652353897464	1.10873052049054	1.03555514501834	0.981102867008803	0.731904801060477	0.781708118167239	0.973256186479934	0.832861561746061
"Gísla Súrssonar L"	0.882240856198378	0.86369858747124	0.773515873944141	0.770792875540491	0.964758293996462	0.860542397177864	0.991878606744241	0.827713125930202	0.785119760107277	0.655532692399303	0.732585580729745	0.72023756303338	0	0.392507686735547	1.16268319068354	1.06806987006917	0.765697081560609	1.09336767929993	1.0945846202941	0.936317015936577	0.844186685881035	0.879555194515906	0.854435250779826	0.795422208754018	0.769804492498261	0.741063618994537	1.01862379211149	0.884428647965977	1.1384271573211	0.909557366689231	0.856439584450803	0.811533172021516	1.36516617302574	0.707805657062545	0.901757458383943	0.781749269922655	1.19078738677038	0.852616963678288	0.97145363076993	0.786563024962571	0.86527078316799	1.13285487998567	1.00963158994308	0.933681415609097	0.72417771840164	0.785624561459628	0.959990762986488	0.842003121047531
"Gísla Súrssonar S"	0.891385528504083	0.872011214637971	0.82164866997308	0.821936498410426	0.976597467864169	0.927845900883428	1.00555018126582	0.891057294367611	0.816411568363746	0.665645579374435	0.758883934297585	0.732998569124005	0.392507686735547	0	1.14755356854109	1.0905672961295	0.797079521698441	1.12976070991478	1.09825885151803	0.999261695989186	0.869088310698204	0.918258758764693	0.892663661424157	0.800685156891555	0.79220229391952	0.774252523147423	1.08612313815086	0.902373003914085	1.14167793476733	0.95361134282717	0.921312078030526	0.835733203974235	1.40095629507171	0.782553022182204	0.962326860488256	0.822042909031307	1.22556520886574	0.85643814364304	1.01168617250285	0.77973195248341	0.877842187178957	1.12074873354343	1.03813020574704	0.923322614812311	0.761358755950645	0.796196717352366	0.973592336432148	0.853103014466026
"Grænlendinga þáttur"	1.225454372794	1.21601240351425	1.09754400830893	1.08180606679635	1.28037199933602	1.12074140251975	1.17579952285018	1.11451276406118	1.12345339363724	1.16980718121441	1.0643669820653	1.11847087956932	1.16268319068354	1.14755356854109	0	1.25606045213368	1.05769380379442	1.25457101206158	1.35813968982188	1.27147197415199	1.23392717925174	1.1479067527811	1.11318869512986	1.08502630912806	1.11498439632975	1.14957309999944	1.22218906513632	1.23939298261833	1.45743468342431	1.19052439158735	1.20068948059969	1.123971037858	1.55139417964976	1.06553074395585	1.18305349767679	1.04258678615542	1.30403926061206	1.16664149445608	1.13596816869752	1.1617335463998	1.2222336596516	1.32461843793507	1.27805496096728	1.15027831565223	0.979290979277639	1.10260483297189	1.2468786647449	1.11030784989593
"Grænlendinga"	1.3378738890757	1.0087506100865	1.11819187950871	1.1023835139141	1.112447924434	0.965714628419856	1.02809090226981	0.984430913074872	1.12756446452578	1.11321785212886	1.03430155117525	1.04914842753762	1.06806987006917	1.0905672961295	1.25606045213368	0	1.02604216459548	1.15368601607685	1.15050350207124	1.22007268882998	1.24973897282409	1.1703509367895	1.1174352916932	0.99767790884107	1.12509009596372	1.16747746927629	1.06419072335134	1.25235319705418	1.31406373993218	1.0902131581544	1.14941237143178	1.11634398470562	1.39969759413211	1.04612908871086	1.23808459994388	1.12258040340562	1.38964131716415	1.195739936387	1.0964009748012	1.06586325024979	1.13422892527371	1.21225588709392	1.27965952328176	1.31336317453802	1.02563820544742	1.12289184883508	1.16590280760815	1.13153280881258
"Grettis"	1.00647071110196	0.73626553633985	0.739995490394007	0.65431610572537	0.925352010691167	0.728402527943731	0.822371175101378	0.631998672849911	0.693893339521593	0.731386381487737	0.720963439314044	0.685625814189276	0.765697081560609	0.797079521698441	1.05769380379442	1.02604216459548	0	0.865241000313892	0.891404282405415	0.870304309154827	0.988928006262948	0.848134545551258	0.748060521983112	0.637365358011714	0.725521169364573	0.883609242188934	0.829083833905576	0.908678354006767	1.08561956197851	0.818980253538047	0.876826002805261	0.806211544233501	1.29554102646197	0.698066718119986	0.928121439862424	0.748827992718447	1.20225259442831	0.869087945299124	0.720470219423534	0.719766410805005	0.79612907961475	1.05177956563578	0.977973670688685	0.988364447829444	0.647379588458634	0.779956749724638	0.851804744873163	0.818571394643782
"Gull-Þóris"	1.35906344234594	0.940765397096158	1.04247743138462	1.00510984591578	0.963007287701185	0.908823752706265	0.981953558078439	0.784049036616196	1.05026683346012	1.08842758614988	0.995249827544785	1.02592848198394	1.09336767929993	1.12976070991478	1.25457101206158	1.15368601607685	0.865241000313892	0	1.08581183035205	1.11986791848433	1.35495691643175	1.1411801691152	1.04072808429562	0.919711355422998	1.11318737434091	1.13737944383593	0.992269681540741	1.15050120444022	1.27598813344304	1.10261158018962	1.02543889098987	1.09936577414694	1.13235453861038	1.06009660722768	1.19772379913645	1.12685440173272	1.44647573825395	1.0823786971145	0.824668312209775	1.0152551027775	1.09355477173431	1.21457919125458	1.24701711408125	1.23476100756926	1.02577978000289	1.09806609165205	1.19034123247432	1.04178960598
"Gunnars"	1.33282947943895	0.965335923890016	1.09945106794552	1.03591419196402	1.04085818465912	0.991671702901671	1.14926875385194	1.01015396319459	0.983877500602737	1.04594062675127	0.99137111674187	1.04228884178162	1.0945846202941	1.09825885151803	1.35813968982188	1.15050350207124	0.891404282405415	1.08581183035205	0	1.14378944546481	1.25898309944118	1.10912945719927	1.0552350626725	0.952797466760186	1.01018179475645	1.21238655391956	1.1713933356078	1.22732259507551	1.14300440798394	0.99807297121881	1.0865415046003	1.12777535962332	1.53253334279759	1.07131218541593	1.18276342331686	1.1266552473574	1.44182178849126	1.14874451500812	1.11682554247722	0.997922334021172	1.05228724302042	1.26721041157661	1.31278120647149	1.2306461315236	1.02800287114951	1.09000925890607	0.995587171380878	1.06965287678754
"Gunnlaugs"	1.16898625535819	0.918422095886835	0.919273082835404	0.905685562666862	0.981276061761056	0.960529950423846	1.02524752247172	0.917269572541479	0.915222315141979	0.992283186350922	0.852939274784518	0.932806751921732	0.936317015936577	0.999261695989186	1.27147197415199	1.22007268882998	0.870304309154827	1.11986791848433	1.14378944546481	0	1.15320585902602	0.930102114947978	0.884589016518952	0.893984821743261	0.968821323796648	1.06518946828168	1.06565623361386	1.1100057274353	1.2463223464378	0.968733766503164	0.964930756134478	1.07511992699851	1.33568145297092	0.883788019710466	1.08223652562048	0.942956533669651	1.31563910575224	1.11758152449639	0.97439754692317	0.905386538946118	0.952829752109368	1.12947449516244	1.05502761961728	1.14378717766435	0.887107148740832	0.945754917458547	1.02008027211168	0.993698355474566
"Hænsna-Þóris "	0.923174506565952	1.13157233647308	1.02789217748374	0.930651788315167	1.27454035580633	1.14675038839817	1.19106515826932	1.09520416465807	0.981316510713346	0.856824727021849	0.993068355968455	0.940289320336832	0.844186685881035	0.869088310698204	1.23392717925174	1.24973897282409	0.988928006262948	1.35495691643175	1.25898309944118	1.15320585902602	0	0.997445131388862	0.96522952764395	1.03506723377898	0.966289462314343	0.949135457922088	1.29020231621927	0.991871990044524	1.33149911668717	1.12407819063439	1.10986362817841	0.997451433229695	1.6083372939466	0.915588664568608	1.01797449826212	0.861248090050364	1.21728262411317	1.101549359623	1.23057159729792	0.976569263805696	1.01235692937772	1.29021734701884	1.11067608939638	1.03051965656788	0.897708768254657	0.914795281334744	1.17093550395723	1.0421020837533
"Hallfreðar M"	1.10204816570575	0.97676072851123	0.86616109890649	0.836866470505026	1.04137944962147	0.943798147916652	1.06432036155996	0.952873687320103	0.939929817054863	0.944025113808799	0.834487831524832	0.872472154046936	0.879555194515906	0.918258758764693	1.1479067527811	1.1703509367895	0.848134545551258	1.1411801691152	1.10912945719927	0.930102114947978	0.997445131388862	0	0.615253083738337	0.886387408186022	0.96015550260964	1.00343917269436	1.08711642573138	1.04322920491522	1.23084170456112	0.917641474065304	0.926967879656932	0.997707838560691	1.40816913694462	0.877061185298641	0.988066612928895	0.842916608493112	1.21481154183047	1.00070253929994	1.02316458311824	0.898247944717082	0.931585542446294	1.17491810138165	1.07182508383198	0.966274997677473	0.790037760229514	0.858624393711867	1.05492219839732	0.926235711758227
"Hallfreðar Ó"	1.10401209540303	0.900314612179616	0.854370293770515	0.774396510191579	1.03534810700515	0.831630642860167	1.00889675389001	0.838328033485408	0.849423174849642	0.886674025157909	0.769437272832689	0.811731057866731	0.854435250779826	0.892663661424157	1.11318869512986	1.1174352916932	0.748060521983112	1.04072808429562	1.0552350626725	0.884589016518952	0.96522952764395	0.615253083738337	0	0.823846788499155	0.902177681333524	0.968544358397867	0.958267469092637	0.989309321406136	1.22541179325413	0.891442033200674	0.950103233268663	0.922422237537031	1.36971289664425	0.813432203769996	0.966489947029911	0.800554871524118	1.19069343963511	1.01824413764813	0.925225665463724	0.819657675148668	0.873857434833978	1.10384103136803	1.0256617068973	0.991697841935992	0.744621175539429	0.872426249274505	0.976177498892627	0.941434028170481
"Harðar og Hólmverja"	1.01799070341061	0.787142531758308	0.800623851347105	0.751372026152434	0.872723749826755	0.816943896507607	0.87033321917586	0.727947338913957	0.759353106756721	0.792522710989087	0.711309539096175	0.803409946523071	0.795422208754018	0.800685156891555	1.08502630912806	0.99767790884107	0.637365358011714	0.919711355422998	0.952797466760186	0.893984821743261	1.03506723377898	0.886387408186022	0.823846788499155	0	0.85045546207479	0.940028258137841	0.933638550134604	0.983580949144669	1.11103234735945	0.839968514430633	0.859749747316042	0.885541205512662	1.28300717979951	0.742864372792178	0.959119478733267	0.833339431600409	1.23682644250414	0.907387477071436	0.821800062671331	0.790740168432088	0.851322139176009	1.02412896029154	0.957890702920027	0.971835706926391	0.727434767855282	0.804102052815589	0.832212346357134	0.832301156637107
"Hávarðar"	0.988196437179417	0.94170787315144	0.899019317123255	0.793722945073368	1.0634169537979	0.955639536121587	1.03745839805611	0.849770903925248	0.697369372692503	0.739307101348791	0.866002084701855	0.765688632013463	0.769804492498261	0.79220229391952	1.11498439632975	1.12509009596372	0.725521169364573	1.11318737434091	1.01018179475645	0.968821323796648	0.966289462314343	0.96015550260964	0.902177681333524	0.85045546207479	0	0.931006776081981	1.07573935480384	0.931712095399789	1.1540421458711	0.904611807927486	0.95107507154849	0.876976834364928	1.45173461585602	0.795836565562293	0.966933947678141	0.846265772395353	1.24121793266291	0.938494179015747	1.00493982383721	0.80813696478354	0.861310304816155	1.12023987465638	1.07431957813535	0.991391559537607	0.74207230927249	0.814004204756987	0.975716616744748	0.863309709376849
"Heiðarvíga"	0.900509325455195	1.01673672325152	0.884948487695581	0.878604108726536	1.15966802912648	0.969454208276912	1.01808042731885	0.955992307698168	0.932562635481858	0.843624715053364	0.886218161125704	0.817450276834561	0.741063618994537	0.774252523147423	1.14957309999944	1.16747746927629	0.883609242188934	1.13737944383593	1.21238655391956	1.06518946828168	0.949135457922088	1.00343917269436	0.968544358397867	0.940028258137841	0.931006776081981	0	1.10153794247857	0.937766231234548	1.24156703588142	1.0602983531351	0.980149300122447	0.946690385470887	1.43542728615376	0.842359412135605	1.02655249598182	0.850974094501367	1.23211939803915	0.98642231480849	1.02797561111106	0.923327697064888	0.98732694488378	1.23317238928873	1.10099618932183	0.991350791083206	0.825920693798677	0.791724297340457	1.10346340321872	0.961831200517368
"Heimskringla"	1.29325916381648	0.935019515423862	0.9710390142474	0.947610455932306	1.10111213914411	0.574153017664006	1.00187125164306	0.800359386719527	1.00619291141522	1.06059822821469	0.980352552004755	0.969828150135947	1.01862379211149	1.08612313815086	1.22218906513632	1.06419072335134	0.829083833905576	0.992269681540741	1.1713933356078	1.06565623361386	1.29020231621927	1.08711642573138	0.958267469092637	0.933638550134604	1.07573935480384	1.10153794247857	0	1.17745652296265	1.32997231592936	1.00993147237961	1.10097160446578	1.04895407694189	1.32872623365181	0.915564231969064	1.17825442689898	1.02443928804539	1.3557690000718	1.15370820451957	0.790743503539695	1.04035680170101	1.14736148893528	1.23598885557235	1.20590633747453	1.26638800444758	0.935776319398769	1.07248942617454	1.09304549272023	1.04829599761388
"Hrafnkels"	1.01307189065968	1.07598694625532	0.964230565960302	0.889953404837303	1.19192151437484	1.05775546796747	1.15037688411868	0.977690345972516	0.939945428286908	0.736543826222848	0.989334865185461	0.927962133347638	0.884428647965977	0.902373003914085	1.23939298261833	1.25235319705418	0.908678354006767	1.15050120444022	1.22732259507551	1.1100057274353	0.991871990044524	1.04322920491522	0.989309321406136	0.983580949144669	0.931712095399789	0.937766231234548	1.17745652296265	0	1.28863015798319	1.08750748106227	1.08847873941368	0.96163658010972	1.50624212628558	0.88063971050169	1.03083570013403	0.881262298422719	1.23734363276581	1.05272042060931	1.09339658171299	0.879756275370697	1.00954578432422	1.25270705284432	1.13435235527552	1.02181302853219	0.872922228263196	0.912206596448853	1.12344789037816	0.980100355565562
"Jökuls þ"	1.31094351187469	1.10462034066973	1.23498535225726	1.13679830840895	1.25073071925308	1.18471935325159	1.27984004628104	1.19625082040336	1.16226974430945	1.12761511452713	1.16771856921404	1.13980715578225	1.1384271573211	1.14167793476733	1.45743468342431	1.31406373993218	1.08561956197851	1.27598813344304	1.14300440798394	1.2463223464378	1.33149911668717	1.23084170456112	1.22541179325413	1.11103234735945	1.1540421458711	1.24156703588142	1.32997231592936	1.28863015798319	0	1.16631251175957	1.25692835486292	1.14970807914557	1.54944227110845	1.21749707585491	1.31600134459428	1.18996298841184	1.42676346188785	1.34338020288058	1.33964356096491	1.08347943616032	1.2511420203791	1.31719720992627	1.3344977947177	1.22076087615511	1.15845074013425	1.22662912127668	1.15639385709721	1.22573424018147
"Kjalnesinga"	1.1565384196995	0.909270495384572	0.941494421283879	0.89535170506231	1.04125461173512	0.858807723276129	1.06850666749495	0.880118762038029	0.902939142093841	0.927454209571804	0.868414431238468	0.892588627976211	0.909557366689231	0.95361134282717	1.19052439158735	1.0902131581544	0.818980253538047	1.10261158018962	0.99807297121881	0.968733766503164	1.12407819063439	0.917641474065304	0.891442033200674	0.839968514430633	0.904611807927486	1.0602983531351	1.00993147237961	1.08750748106227	1.16631251175957	0	1.01093156275118	0.933587919014888	1.4225763956755	0.842790727164084	1.05576656803373	0.947920906468189	1.24584655621686	1.05409093953544	1.00802263057143	0.855445785693278	0.941291856496898	1.19675331720387	1.12501849196543	1.09810212693118	0.828238793528535	0.936791474340805	0.991626492419541	0.956259851034881
"Kormáks"	1.14236156881446	0.945732499761492	0.87447687487597	0.931882075759312	0.931210563348754	0.978437131161566	1.01188612397156	0.910892757764198	0.883810584127877	0.936618714021042	0.793738821403209	0.897769266773882	0.856439584450803	0.921312078030526	1.20068948059969	1.14941237143178	0.876826002805261	1.02543889098987	1.0865415046003	0.964930756134478	1.10986362817841	0.926967879656932	0.950103233268663	0.859749747316042	0.95107507154849	0.980149300122447	1.10097160446578	1.08847873941368	1.25692835486292	1.01093156275118	0	0.997039302579766	1.30477106239153	0.861474473718259	0.94436064249443	0.926814782174529	1.30082791616604	0.959825574496189	0.973453520740409	0.920634584191091	0.924550563491608	1.18334775752194	1.12981471151967	1.06108139708695	0.812762210496466	0.882678802069797	1.03639063131061	0.861488868257149
"Króka-Refs"	0.979473342931695	0.923789858271421	0.948966358914022	0.89649041386527	1.11827832365819	0.913359673557501	0.994647985886927	0.929255445085025	0.861011314849725	0.823990429445037	0.922427524597324	0.777462841452591	0.811533172021516	0.835733203974235	1.123971037858	1.11634398470562	0.806211544233501	1.09936577414694	1.12777535962332	1.07511992699851	0.997451433229695	0.997707838560691	0.922422237537031	0.885541205512662	0.876976834364928	0.946690385470887	1.04895407694189	0.96163658010972	1.14970807914557	0.933587919014888	0.997039302579766	0	1.4468994100525	0.83212669700418	1.03872376807796	0.914330886890355	1.25750067688915	1.04511549953038	1.08429295782794	0.881259016058973	1.01251092775555	1.20571596916966	1.110597695076	1.07439825766559	0.814053502119601	0.90173580490659	1.0608126805333	0.97864500695429
"Landnámabók"	1.59861817930574	1.16556293981899	1.37289503322195	1.35488634054169	1.18128805214339	1.27965828424236	1.26009223611836	1.21466125814743	1.47089654482692	1.41154938644794	1.29185066628714	1.34355491888897	1.36516617302574	1.40095629507171	1.55139417964976	1.39969759413211	1.29554102646197	1.13235453861038	1.53253334279759	1.33568145297092	1.6083372939466	1.40816913694462	1.36971289664425	1.28300717979951	1.45173461585602	1.43542728615376	1.32872623365181	1.50624212628558	1.54944227110845	1.4225763956755	1.30477106239153	1.4468994100525	0	1.3914875504193	1.49404629990301	1.41360461118628	1.69074618390188	1.41222889834905	1.20943764713577	1.34721050538736	1.42898940499843	1.34909197275828	1.46659932842069	1.48855092126075	1.35088351014717	1.43997474572266	1.48071517542274	1.36049307321614
"Laxdæla"	0.976042071892647	0.814015132723488	0.716122476487506	0.762044553154946	0.987806026163738	0.779943821863817	0.897356637362837	0.723241047051973	0.702182624492579	0.736723361908094	0.740535164597973	0.702574156217444	0.707805657062545	0.782553022182204	1.06553074395585	1.04612908871086	0.698066718119986	1.06009660722768	1.07131218541593	0.883788019710466	0.915588664568608	0.877061185298641	0.813432203769996	0.742864372792178	0.795836565562293	0.842359412135605	0.915564231969064	0.88063971050169	1.21749707585491	0.842790727164084	0.861474473718259	0.83212669700418	1.3914875504193	0	0.926917095496797	0.766428879381595	1.18089250177443	0.910065837537574	0.878843092415383	0.808858890565072	0.860904929451176	1.12977162947154	1.01335192697551	1.02613534152201	0.678404449993372	0.762649419057349	0.923331770085	0.788606908120757
"Ljósvetninga A"	1.06876982187976	1.06490336374857	0.973956766430029	0.867794390209308	1.09944530965972	1.02252256334125	1.09954889752778	1.01186654276158	0.969766943136973	0.94147184313731	0.914889443371667	0.890710681832895	0.901757458383943	0.962326860488256	1.18305349767679	1.23808459994388	0.928121439862424	1.19772379913645	1.18276342331686	1.08223652562048	1.01797449826212	0.988066612928895	0.966489947029911	0.959119478733267	0.966933947678141	1.02655249598182	1.17825442689898	1.03083570013403	1.31600134459428	1.05576656803373	0.94436064249443	1.03872376807796	1.49404629990301	0.926917095496797	0	0.672137155615292	1.24376558503807	1.04353946508952	1.08667747413052	0.92733589958067	0.978887364725817	1.1961989015538	1.09298833492888	1.00717061656743	0.860301255479685	0.84982992517334	1.08107687037751	0.942768125853109
"Ljósvetninga C"	0.878663300720155	0.962816726712806	0.83563606503634	0.660609407731107	1.07248455884639	0.897289956044348	1.01091644144013	0.859263998909461	0.798987632477422	0.790433271473356	0.83056970965085	0.73868854757038	0.781749269922655	0.822042909031307	1.04258678615542	1.12258040340562	0.748827992718447	1.12685440173272	1.1266552473574	0.942956533669651	0.861248090050364	0.842916608493112	0.800554871524118	0.833339431600409	0.846265772395353	0.850974094501367	1.02443928804539	0.881262298422719	1.18996298841184	0.947920906468189	0.926814782174529	0.914330886890355	1.41360461118628	0.766428879381595	0.672137155615292	0	1.09472549841187	0.949194473204094	0.946668398816279	0.80081275521504	0.863008886719933	1.15606711392501	0.995355427432676	0.798351885391557	0.635452515121221	0.671393551419346	0.99767529183732	0.822217510817186
"Ölkofra"	1.19050702042777	1.34150161110248	1.24173564433968	1.12661598355551	1.34507234943811	1.23537151587923	1.36787877158253	1.21093529595112	1.23020005213233	1.2306895492312	1.23068398302485	1.24003757264155	1.19078738677038	1.22556520886574	1.30403926061206	1.38964131716415	1.20225259442831	1.44647573825395	1.44182178849126	1.31563910575224	1.21728262411317	1.21481154183047	1.19069343963511	1.23682644250414	1.24121793266291	1.23211939803915	1.3557690000718	1.23734363276581	1.42676346188785	1.24584655621686	1.30082791616604	1.25750067688915	1.69074618390188	1.18089250177443	1.24376558503807	1.09472549841187	0	1.32967477070604	1.32303236547826	1.203807376043	1.24733837409345	1.41205566108039	1.31007107985533	1.21403351581915	1.09075545474997	1.12460766272704	1.37117895170224	1.22362145327169
"Reykdæla"	1.06500931767655	1.0400697024534	0.791802162584253	0.942627222540025	1.05925632125108	0.99373267905212	1.09428026619344	0.937337892914192	0.9407923477107	0.975955373352095	0.863400730156057	0.965356298250811	0.852616963678288	0.85643814364304	1.16664149445608	1.195739936387	0.869087945299124	1.0823786971145	1.14874451500812	1.11758152449639	1.101549359623	1.00070253929994	1.01824413764813	0.907387477071436	0.938494179015747	0.98642231480849	1.15370820451957	1.05272042060931	1.34338020288058	1.05409093953544	0.959825574496189	1.04511549953038	1.41222889834905	0.910065837537574	1.04353946508952	0.949194473204094	1.32967477070604	0	0.97081290774292	1.0127664550454	0.955322865191357	1.18108559562747	1.1131535215973	1.02210165785495	0.891472269393112	0.835418384537753	1.11554454008865	0.88320152892748
"Sturlunga"	1.23896712563964	0.870127997872313	0.861416727835164	0.831173334610316	0.926812421121347	0.777029821784048	0.884735557639168	0.643554610823003	0.931634348459541	0.998534385732076	0.848673647493399	0.911446672058276	0.97145363076993	1.01168617250285	1.13596816869752	1.0964009748012	0.720470219423534	0.824668312209775	1.11682554247722	0.97439754692317	1.23057159729792	1.02316458311824	0.925225665463724	0.821800062671331	1.00493982383721	1.02797561111106	0.790743503539695	1.09339658171299	1.33964356096491	1.00802263057143	0.973453520740409	1.08429295782794	1.20943764713577	0.878843092415383	1.08667747413052	0.946668398816279	1.32303236547826	0.97081290774292	0	0.961955142871222	0.973137391498253	1.16659346877672	1.12870925479826	1.15533870053677	0.856544686997894	0.932312304663585	1.08511321220778	0.912936580949008
"Svarfdæla"	1.01106681334534	0.885176758164319	0.842121201223957	0.764007918922633	0.980014544588182	0.865993165641882	0.980126951683437	0.829488435222288	0.820303009945354	0.73803930628378	0.797485855898495	0.755868132248059	0.786563024962571	0.77973195248341	1.1617335463998	1.06586325024979	0.719766410805005	1.0152551027775	0.997922334021172	0.905386538946118	0.976569263805696	0.898247944717082	0.819657675148668	0.790740168432088	0.80813696478354	0.923327697064888	1.04035680170101	0.879756275370697	1.08347943616032	0.855445785693278	0.920634584191091	0.881259016058973	1.34721050538736	0.808858890565072	0.92733589958067	0.80081275521504	1.203807376043	1.0127664550454	0.961955142871222	0	0.836839801712443	1.14829884603471	1.04834094494578	0.950404493542357	0.752148120339711	0.802454725086588	0.965773156934549	0.900078611744633
"Þórðar hreðu"	1.08971361107657	0.913885753698627	0.853310470456923	0.816025100079604	1.02797385210284	0.989877109599894	1.09976237361784	0.913335530148824	0.818259711580493	0.89732254423967	0.857885152538676	0.857652353897464	0.86527078316799	0.877842187178957	1.2222336596516	1.13422892527371	0.79612907961475	1.09355477173431	1.05228724302042	0.952829752109368	1.01235692937772	0.931585542446294	0.873857434833978	0.851322139176009	0.861310304816155	0.98732694488378	1.14736148893528	1.00954578432422	1.2511420203791	0.941291856496898	0.924550563491608	1.01251092775555	1.42898940499843	0.860904929451176	0.978887364725817	0.863008886719933	1.24733837409345	0.955322865191357	0.973137391498253	0.836839801712443	0	1.14028852534784	1.0918071617642	1.03266074725765	0.805361743786142	0.823978217044802	0.98992156096516	0.944690293959581
"Þorsteins hvíta"	1.32715139747061	1.06803932044129	1.12934882526912	1.12321140079836	1.17533557195716	1.14153277658963	1.11974695823822	1.07972708938437	1.12896292198186	1.18540128824071	1.03151264494946	1.10873052049054	1.13285487998567	1.12074873354343	1.32461843793507	1.21225588709392	1.05177956563578	1.21457919125458	1.26721041157661	1.12947449516244	1.29021734701884	1.17491810138165	1.10384103136803	1.02412896029154	1.12023987465638	1.23317238928873	1.23598885557235	1.25270705284432	1.31719720992627	1.19675331720387	1.18334775752194	1.20571596916966	1.34909197275828	1.12977162947154	1.1961989015538	1.15606711392501	1.41205566108039	1.18108559562747	1.16659346877672	1.14829884603471	1.14028852534784	0	1.16924867851085	1.25912151810195	1.02320933383853	1.12098435160373	1.24115559843708	1.10376931586441
"Þorsteins S"	1.10441453628894	1.0694040654299	1.02458547485565	0.983390735171543	1.24917949317814	1.13347019685285	1.13367874394322	1.06085312235408	1.0297934001798	1.01969852344831	1.00990292796963	1.03555514501834	1.00963158994308	1.03813020574704	1.27805496096728	1.27965952328176	0.977973670688685	1.24701711408125	1.31278120647149	1.05502761961728	1.11067608939638	1.07182508383198	1.0256617068973	0.957890702920027	1.07431957813535	1.10099618932183	1.20590633747453	1.13435235527552	1.3344977947177	1.12501849196543	1.12981471151967	1.110597695076	1.46659932842069	1.01335192697551	1.09298833492888	0.995355427432676	1.31007107985533	1.1131535215973	1.12870925479826	1.04834094494578	1.0918071617642	1.16924867851085	0	1.02278866658533	0.889257777519078	0.96461078091182	1.15228255773589	1.04735428063821
"Valla-Ljóts"	1.00614840932066	1.1216532749012	0.988364035357309	0.902162184166266	1.20602583539323	1.10151464228628	1.20623252166741	1.05006194214218	1.00905455900487	0.9504754899335	0.93440361275435	0.981102867008803	0.933681415609097	0.923322614812311	1.15027831565223	1.31336317453802	0.988364447829444	1.23476100756926	1.2306461315236	1.14378717766435	1.03051965656788	0.966274997677473	0.991697841935992	0.971835706926391	0.991391559537607	0.991350791083206	1.26638800444758	1.02181302853219	1.22076087615511	1.09810212693118	1.06108139708695	1.07439825766559	1.48855092126075	1.02613534152201	1.00717061656743	0.798351885391557	1.21403351581915	1.02210165785495	1.15533870053677	0.950404493542357	1.03266074725765	1.25912151810195	1.02278866658533	0	0.846814638753516	0.849228905883996	1.13191964582736	1.00261729421506
"Vatnsdæla "	0.912509299344677	0.850662244815186	0.717157670740184	0.672320116632122	0.980572969808555	0.836670148986719	0.932896287165937	0.740872745837581	0.691775460584569	0.746869744057155	0.689517219587629	0.731904801060477	0.72417771840164	0.761358755950645	0.979290979277639	1.02563820544742	0.647379588458634	1.02577978000289	1.02800287114951	0.887107148740832	0.897708768254657	0.790037760229514	0.744621175539429	0.727434767855282	0.74207230927249	0.825920693798677	0.935776319398769	0.872922228263196	1.15845074013425	0.828238793528535	0.812762210496466	0.814053502119601	1.35088351014717	0.678404449993372	0.860301255479685	0.635452515121221	1.09075545474997	0.891472269393112	0.856544686997894	0.752148120339711	0.805361743786142	1.02320933383853	0.889257777519078	0.846814638753516	0	0.670917942952472	0.891886986247863	0.823275754219263
"Víga-Glúms "	0.883934501036895	0.957655514725687	0.735146457471798	0.738151691479619	1.00812999864374	0.93654259976841	1.02429906117978	0.851614989526052	0.812881627407297	0.803061215536445	0.78498753783985	0.781708118167239	0.785624561459628	0.796196717352366	1.10260483297189	1.12289184883508	0.779956749724638	1.09806609165205	1.09000925890607	0.945754917458547	0.914795281334744	0.858624393711867	0.872426249274505	0.804102052815589	0.814004204756987	0.791724297340457	1.07248942617454	0.912206596448853	1.22662912127668	0.936791474340805	0.882678802069797	0.90173580490659	1.43997474572266	0.762649419057349	0.84982992517334	0.671393551419346	1.12460766272704	0.835418384537753	0.932312304663585	0.802454725086588	0.823978217044802	1.12098435160373	0.96461078091182	0.849228905883996	0.670917942952472	0	0.994875302807743	0.784523712655093
"Víglundar"	1.18299609020905	0.899677283790171	0.968520028598301	0.900153629224935	1.08585715541701	0.991015190223164	1.06291632473428	0.953166949462887	0.889002429037749	0.977703089756065	0.912270404275049	0.973256186479934	0.959990762986488	0.973592336432148	1.2468786647449	1.16590280760815	0.851804744873163	1.19034123247432	0.995587171380878	1.02008027211168	1.17093550395723	1.05492219839732	0.976177498892627	0.832212346357134	0.975716616744748	1.10346340321872	1.09304549272023	1.12344789037816	1.15639385709721	0.991626492419541	1.03639063131061	1.0608126805333	1.48071517542274	0.923331770085	1.08107687037751	0.99767529183732	1.37117895170224	1.11554454008865	1.08511321220778	0.965773156934549	0.98992156096516	1.24115559843708	1.15228255773589	1.13191964582736	0.891886986247863	0.994875302807743	0	1.02957232543129
